Price,Close,High,Low,Open,Volume
Ticker,BIMAS.IS,BIMAS.IS,BIMAS.IS,BIMAS.IS,BIMAS.IS
Date,,,,,
2021-07-02,27.38418960571289,27.38418960571289,26.98954089267837,27.164940692412927,4574640
2021-07-05,27.449966430664062,27.53766634060998,27.164943814260635,27.18686837356295,3588806
2021-07-06,27.31841468811035,27.581514391809943,27.31841468811035,27.340339245234528,4282628
2021-07-07,27.449966430664062,27.669215369160536,27.340341961415824,27.340341961415824,3141578
2021-07-08,27.340335845947266,27.60343551693506,27.252637628354275,27.340335845947266,3291444
2021-07-09,27.734989166259766,27.800764513219036,27.29649131382878,27.29649131382878,3673894
2021-07-12,26.87991714477539,27.844612723278807,26.792217242595715,27.75691282109913,5901668
2021-07-13,26.83606719970703,27.18686512483503,26.726442743558504,26.923767099173144,4012540
2021-07-14,27.055316925048828,27.23071505651553,26.857992563504354,26.9018416781869,4375590
2021-07-16,27.077238082885742,27.38418686533616,26.945689082617363,27.03338897370838,4185534
2021-07-19,26.792217254638672,26.98954161644751,26.792217254638672,26.96761705907686,1685742
2021-07-26,26.967615127563477,27.208788586839937,26.748366224087352,26.836066120025077,5040614
2021-07-27,27.077238082885742,27.077238082885742,26.660664854755627,26.81414008234898,3667504
2021-07-28,26.967615127563477,27.099164135101876,26.748366224087352,27.011464239164148,3175622
2021-07-29,27.778839111328125,27.84461446025013,27.143018544519574,27.143018544519574,4904484
2021-07-30,27.800762176513672,27.800762176513672,27.296489019508506,27.53766248352716,3351428
2021-08-02,27.669208526611328,28.020008079642864,27.603434864970094,27.756908414869212,3292172
2021-08-03,28.107707977294922,28.21733242599379,27.49381206822307,28.19540954353762,6189776
2021-08-04,27.800762176513672,28.370807329476737,27.75691139131438,28.085786425731623,7242396
2021-08-05,28.063861846923828,28.063861846923828,27.669213120606855,27.669213120606855,3976632
2021-08-06,28.283109664916992,28.458509463716485,27.691138271257497,27.97616085338611,8082500
2021-08-09,28.32695960998535,28.45851029931579,28.129636921462694,28.283110495366206,3351384
2021-08-10,30.015169143676758,30.322119570789283,28.326953503710836,28.326953503710836,17751862
2021-08-11,29.817852020263672,30.146725388134225,29.510904881773644,30.037100932177374,8380422
2021-08-12,30.73870277404785,31.30875139434976,29.817857833576237,29.817857833576237,12440330
2021-08-13,30.453670501708984,30.519445840004167,29.92747448629291,30.212498721923566,9221992
2021-08-16,30.672922134399414,31.001795509730957,30.36597498894583,30.431750333106734,6068512
2021-08-17,30.47559928894043,30.629072860869282,30.234424143428697,30.40982394512151,5279264
2021-08-18,30.56329917907715,30.87024968509972,30.40982559880243,30.475600946198206,6700390
2021-08-19,31.177194595336914,31.177194595336914,30.43174963325134,30.497524975899573,7247886
2021-08-20,31.264894485473633,31.52799249644039,30.957944018118486,31.17719291816957,6021250
2021-08-23,31.74724006652832,32.185737848260835,31.527991175662066,31.5718402847408,4613854
2021-08-24,32.18574523925781,32.22959435840587,31.70339823768246,31.83494559512664,6353230
2021-08-25,32.03227615356445,32.22959889021296,31.85687630683588,32.05419904348439,17185860
2021-08-26,32.2734375,32.36113906752574,31.922641266315217,32.185739277946986,7007240
2021-08-27,31.659542083740234,32.22959060265668,31.506068511869792,32.207664372901064,6130876
2021-08-31,31.50607681274414,31.878799398479757,31.155280462541025,31.834950272888598,7338194
2021-09-01,31.571840286254883,31.988411840731715,31.19911784085889,31.462215840816498,6097406
2021-09-02,31.70339584350586,31.74724495934252,30.69484945189714,31.41837157235791,3822892
2021-09-03,31.177194595336914,31.703393991049875,31.11141925268868,31.703393991049875,4596180
2021-09-06,31.111419677734375,31.396443936122132,31.001795220313927,31.045647679660462,2031294
2021-09-07,30.5413761138916,31.067572199015437,30.5413761138916,30.93602485047104,2751624
2021-09-08,30.47559928894043,30.738697318743167,30.25635037319266,30.47559928894043,3629048
2021-09-09,30.51944923400879,30.563298349257717,30.124800505822325,30.47560011875986,5109250
2021-09-10,30.168655395507812,30.54137792334223,30.05903092582279,30.431753453657205,3729508
2021-09-13,29.90555191040039,30.168653295710733,29.730155447490944,30.015176372455336,3062608
2021-09-14,29.57668113708496,29.949407017377425,29.51090913042006,29.861705432701925,4050592
2021-09-15,29.686302185058594,30.278276940556406,29.445130382330778,29.445130382330778,5755172
2021-09-16,29.927478790283203,30.015177023640558,29.642454513662067,29.708229861416662,3674546
2021-09-17,30.5413761138916,30.563298999245774,29.949404681759006,29.97132756711318,6035584
2021-09-20,29.642452239990234,30.300198976138564,29.642452239990234,30.059027180167917,2872836
2021-09-21,29.532833099365234,30.03710635693401,29.532833099365234,29.774008284216148,4204520
2021-09-22,29.83977699279785,29.861699875782094,29.467051181865383,29.620528090118874,2213666
2021-09-23,29.028554916381836,29.883627689472444,28.94085668884723,29.77400323231772,6768964
2021-09-24,28.45850944519043,28.80930569708815,28.173485190510913,28.80930569708815,7581160
2021-09-27,28.17348861694336,28.853161664957774,27.976164237608096,28.59006026219522,7068558
2021-09-28,27.625362396240234,28.129635553520142,27.58151328375347,27.998084870587004,5184624
2021-09-29,28.129638671875,28.239263137980924,27.88846350825268,27.998087974358604,4144504
2021-09-30,28.020015716552734,28.305040012890725,27.625366948198085,28.283113780298038,8978858
2021-10-01,27.71306610107422,27.932315039100537,27.64729075057166,27.932315039100537,4650756
2021-10-04,27.340335845947266,27.734984516060823,27.31841129154902,27.669209180129805,4228250
2021-10-05,27.230714797973633,27.428039157644612,27.164941126574295,27.296490142109455,3884314
2021-10-06,26.83606719970703,27.471889379915787,26.814142643024617,27.18686512483503,7181808
2021-10-07,26.945690155029297,27.14301449965333,26.879914815909167,27.14301449965333,4572626
2021-10-08,27.121091842651367,27.537665142213374,26.748369332522326,26.967618261477426,10741030
2021-10-11,27.559589385986328,27.669213849212586,27.16494232201374,27.274566785239998,5918142
2021-10-12,27.31841468811035,27.581514391809943,27.25264101673782,27.493814490576746,4351692
2021-10-13,26.989540100097656,27.53766236725129,26.989540100097656,27.274564348112108,6176976
2021-10-14,26.507192611694336,27.099163978565848,26.44141727193689,27.03339031154478,13102578
2021-10-15,26.572967529296875,26.90184089808885,26.309869503357877,26.682591985560865,14351224
2021-10-18,26.616819381713867,26.87991741819257,26.55104403622593,26.616819381713867,13190398
2021-10-19,26.87991714477539,27.077241506495533,26.704519013152545,26.74836812787413,8147614
2021-10-20,26.704519271850586,27.05531721123111,26.660668483967694,27.05531721123111,7218220
2021-10-21,27.143016815185547,27.143016815185547,26.375645599423688,26.72644353493895,12539666
2021-10-22,27.31841468811035,27.493814490576746,27.03339210002307,27.099165771395604,10452782
2021-10-25,26.945690155029297,27.230712721498357,26.879914815909167,27.14301449965333,18009414
2021-10-26,27.252639770507812,27.38418877997379,27.03339086381905,27.055315419940644,21700026
2021-10-27,27.669208526611328,27.91038363750457,27.340335200196442,27.406110534573912,30146464
2021-10-28,27.252639770507812,27.69113758388534,27.252639770507812,27.669211355027336,9635900
2021-11-01,28.063861846923828,28.195412537520497,26.61681930498912,26.70451920780806,27633162
2021-11-02,28.085786819458008,28.370807727198745,27.64728732499996,28.173485045613177,15221974
2021-11-03,28.305038452148438,28.305038452148438,27.471891841666928,28.10771240611499,12504426
2021-11-04,28.918930053710938,29.094329851793535,28.436583118088453,28.50235846055354,10485654
2021-11-05,28.743534088134766,29.00663211698018,28.414660715709758,28.984705887296002,7940162
2021-11-08,29.46704864501953,29.46704864501953,28.74353000484551,28.940852662079795,10951180
2021-11-09,28.787384033203125,29.37935545156543,28.743534918041664,29.357429221248182,18637080
2021-11-10,29.11625862121582,29.554756481940537,28.80930811142461,28.80930811142461,18998702
2021-11-11,29.028554916381836,29.29165628993152,28.94085668884723,29.094330259769258,8679792
2021-11-12,29.291656494140625,29.423203836359626,29.050481348529686,29.050481348529686,9542782
2021-11-15,29.46704864501953,29.686297528823165,29.247799761215894,29.357424203117713,16861886
2021-11-16,29.09433364868164,29.90555405702309,28.897010941008133,29.59860687942578,15621632
2021-11-17,29.59166717529297,29.59166717529297,29.049116954368873,29.11693659434693,10370910
2021-11-18,30.269861221313477,30.450712471927105,29.252576817243856,29.614279318471112,18993412
2021-11-19,30.17943572998047,30.563742461371014,30.06640413548616,30.405498918969087,8570610
2021-11-22,30.56374168395996,30.789804867198498,30.202042660448562,30.202042660448562,13401762
2021-11-23,30.76719856262207,30.76719856262207,30.02118941789457,30.563739641632644,16342554
2021-11-24,31.196720123291016,31.422783312590227,30.88023303805233,30.948049235281676,15321164
2021-11-25,31.174104690551758,31.377563580114945,30.857617683830796,31.19671238365311,7240054
2021-11-26,31.241931915283203,31.377571207965747,30.948049080771355,31.17411226894193,10948258
2021-11-29,31.400171279907227,31.535810554545506,31.015864601032167,31.309747396448405,8548954
2021-11-30,31.377573013305664,31.76187976541701,31.151509812128317,31.400177263752976,16615884
2021-12-01,31.716670989990234,32.14618973544282,31.513212018893448,31.53581972105455,11710754
2021-12-02,31.69406509399414,31.92012833068376,31.5132138147522,31.7166727974436,6823982
2021-12-03,31.6036319732666,31.965330976939825,31.535812332124674,31.761875502964276,9937946
2021-12-06,33.00522232055664,33.140861600284204,31.490599794366336,31.694055264507504,17253390
2021-12-07,35.062400817871094,35.333675945683844,34.15814809219499,34.92676152923952,31432172
2021-12-08,34.42942428588867,35.65016412356344,34.42942428588867,35.49192058156123,20050314
2021-12-09,33.84165954589844,34.79112427344527,33.72862794858452,34.47463718074653,25796200
2021-12-10,34.83633804321289,34.90415423887012,33.57038283270446,33.84165796368472,30517396
2021-12-13,35.37889099121094,35.80840969375207,34.632881737288876,34.99458423902403,21388596
2021-12-14,36.28314208984375,36.44138563336729,35.537132871003585,35.537132871003585,17364302
2021-12-15,37.70734786987305,38.02383501558404,36.73527528025904,36.9839462157828,17011784
2021-12-16,38.45335388183594,38.7020213462763,37.11957885647977,38.00122745617979,25341068
2021-12-17,34.9267578125,39.96796691157285,34.61027077197257,39.1089262237055,29631576
2021-12-20,32.39486312866211,35.717992081827994,31.51321441899683,33.90948615363417,26887242
2021-12-21,29.56906509399414,34.20336035610525,29.162150673772345,33.90947752764227,41947066
2021-12-22,29.817731857299805,30.495921392639,28.868267197715003,29.162150019585393,35098876
2021-12-23,28.93608856201172,30.473318956758703,27.62492135915545,30.292467713356018,30011914
2021-12-24,29.56906509399414,29.56906509399414,28.732630280143834,29.25257456739922,20232640
2021-12-27,28.89087677001953,30.066404684328734,28.777845173461902,29.65949024683116,21586506
2021-12-28,28.30311393737793,29.501249671393683,28.07705072150518,29.16215484758456,18237872
2021-12-29,28.800447463989258,29.139540485563767,28.077044303715113,28.32571516411486,16941398
2021-12-30,27.873592376708984,29.184759585524887,27.828378703290163,29.02651259092166,17465376
2021-12-31,27.71534538269043,28.212685411006763,27.71534538269043,28.009228205092136,13631008
2022-01-03,29.139543533325195,29.207363179568524,27.941409672586577,27.986623344990548,26399264
2022-01-04,30.60895538330078,30.60895538330078,29.388215503696706,29.388215503696706,36482818
2022-01-05,31.332359313964844,31.5132071052511,30.699381696111416,30.97065683249131,24701394
2022-01-06,31.174104690551758,31.46798745362103,30.789798053976398,30.970649250438232,15151610
2022-01-07,32.869590759277344,32.91480616277081,31.40017983146527,31.467999487254485,24950392
2022-01-10,32.25921630859375,33.366928001898046,32.25921630859375,32.93740587408395,17355000
2022-01-11,32.055763244628906,32.59831355829975,31.55842488218884,32.553101607068974,17696172
2022-01-12,32.53049087524414,32.68873786398113,32.07836450616806,32.4400669812091,15690526
2022-01-13,31.85230827331543,32.48528601805782,31.829704019598573,32.37225440111994,13587138
2022-01-14,31.761873245239258,32.10096797739484,31.445386208340715,31.87490482262445,12085604
2022-01-17,32.41746139526367,32.64352459453176,31.874911096800528,31.874911096800528,12325088
2022-01-18,30.81241798400879,32.57571181325428,30.81241798400879,32.41746479759746,11169322
2022-01-19,31.784486770629883,31.9201226187014,30.405499893807082,30.812414336922878,21849622
2022-01-20,31.64884376525879,32.327033274514335,30.902834615187643,32.07836240800721,17052572
2022-01-21,31.535810470581055,31.784481323605796,30.993260272372577,31.716661686467226,12738890
2022-01-24,30.269861221313477,31.716667776771796,30.202045020602725,31.626240426739635,15808646
2022-01-25,30.83501625061035,30.94804784016457,29.930763534176613,30.69938041281551,14052546
2022-01-26,30.970657348632812,31.241932489533642,30.676774508719177,30.970657348632812,11240728
2022-01-27,32.50788879394531,32.50788879394531,30.315076447609194,30.315076447609194,18253618
2022-01-28,31.920116424560547,32.75654939843449,31.80708484837623,32.598305881666434,11660954
2022-01-31,31.80708885192871,32.30442715984959,31.78448460351663,32.19139556943801,8402014
2022-02-01,32.41746139526367,32.64352459453176,31.987942696434573,31.987942696434573,10790668
2022-02-02,31.897518157958984,32.598311991990634,31.76187886133319,32.553100042932236,7253834
2022-02-03,31.6036319732666,32.440065015483086,31.354961105562943,31.965330976939825,10217610
2022-02-04,31.038480758666992,31.874913981773695,30.99326880461141,31.784490073662532,10003908
2022-02-07,31.965335845947266,32.010551246562656,30.63156431461164,31.03847877399479,11048064
2022-02-08,32.16879653930664,32.46267941193922,31.377575278077146,31.9427333218125,13205684
2022-02-09,32.666133880615234,32.779165485738474,32.25921941228142,32.48528262252789,12268688
2022-02-10,32.666133880615234,32.91480479166669,32.41746296956378,32.733953533579346,10615672
2022-02-11,33.43474578857422,33.57038508790156,32.25921784238969,32.5078887413396,19315694
2022-02-14,33.118255615234375,33.79644515001733,32.1687909564283,33.05043597186601,25267600
2022-02-15,34.04511642456055,34.45202739063506,33.23128759351074,33.23128759351074,17295578
2022-02-16,34.04511642456055,34.406815444343486,33.8416574920729,34.36160349805192,11095254
2022-02-17,33.77384567260742,34.2485798422809,33.54778243932504,34.09033626887347,12405096
2022-02-18,34.24857711791992,34.24857711791992,33.6155994251903,33.90948229497022,8477916
2022-02-21,34.83633804321289,35.039793529085465,34.293784331801945,34.5424552140466,13260238
2022-02-22,34.15814971923828,34.384212911425294,33.54777634077289,34.02251042414585,15052508
2022-02-23,34.090328216552734,34.65548616626531,34.06772051878408,34.361603342524695,12178294
2022-02-24,32.16879653930664,32.48528366401806,30.69938562559472,31.648850449179925,17299406
2022-02-25,33.02783966064453,33.502570379405135,32.28183030321938,32.462681579178685,14125736
2022-02-28,33.050437927246094,33.25389686938854,32.236612507027985,32.55309959553772,14274414
2022-03-01,33.20867919921875,33.93208412251486,33.050435665791596,33.23128689661562,14810298
2022-03-02,33.8642692565918,33.886873507726854,33.32171548758831,33.32171548758831,10126756
2022-03-03,34.4520263671875,34.74590918352807,34.36160247729053,34.36160247729053,12975336
2022-03-04,33.77384567260742,34.42943111879704,33.751241418949895,34.31639950215585,12422050
2022-03-07,34.1129264831543,34.40680925536244,33.34431318610203,33.38952512426102,16001050
2022-03-08,34.58767318725586,34.99458767934908,33.570388681748334,33.81905960731948,13068044
2022-03-09,34.949371337890625,35.44670967715861,34.72330814281876,34.72330814281876,12364310
2022-03-10,34.33899688720703,35.22064539032861,34.15814909631589,35.17543344260583,12568272
2022-03-11,34.24857711791992,34.67809584720918,33.93208999628057,34.203365164750146,13113486
2022-03-14,35.017189025878906,35.039796726127676,34.42942676336916,34.474638714415946,10970018
2022-03-15,34.4520263671875,34.97197235772077,34.4520263671875,34.700697238579586,9014592
2022-03-16,34.54246139526367,34.7911288725558,34.13554690125257,34.58767335027578,6979796
2022-03-17,35.42410659790039,35.537138210177964,34.587673356936584,34.70070496921415,12361578
2022-03-18,36.418785095214844,36.418785095214844,35.46931683841748,35.53713649239599,14124734
2022-03-21,36.78048324584961,36.893514849831604,36.0118697185524,36.396176482201,12641784
2022-03-22,37.978614807128906,37.978614807128906,36.735267298562185,36.78047924534725,9209896
2022-03-23,38.023826599121094,38.13685819034883,37.323032803179366,37.910795007893356,9689064
2022-03-24,37.72994613647461,38.069040931408,37.43606674042618,38.02382898197367,5804240
2022-03-25,37.978614807128906,38.29510188407481,37.277817558883854,37.34563720378667,9040766
2022-03-28,37.549102783203125,38.24989670601059,37.481283126298905,37.978621527844766,5810292
2022-03-29,37.978614807128906,38.06903870069904,37.52648844037737,37.75255162375314,6824456
2022-03-30,38.88287353515625,38.88287353515625,37.910801006887155,37.97862066224564,7304768
2022-03-31,38.27250289916992,38.79244898233443,38.046439684702825,38.79244898233443,9753804
2022-04-01,37.978614807128906,38.45334887199819,37.978614807128906,38.27249763540749,8762466
2022-04-04,36.961334228515625,38.114257960378076,36.848302625370316,37.97861865682339,17139416
2022-04-05,37.0517578125,37.594311572600425,36.84830230836906,37.0517578125,19069092
2022-04-06,36.53181457519531,37.096972576362006,36.26053597507475,37.00654522650492,11850490
2022-04-07,37.07435989379883,37.23260342296768,36.69005319454584,36.71265744188412,13102886
2022-04-08,37.66212844848633,37.684732697584764,37.16478667601385,37.18739437456278,12847462
2022-04-11,37.7525520324707,38.046434863930926,37.50388114828502,37.66212813792162,16078182
2022-04-12,37.978614807128906,38.47595312066551,37.45866879547456,37.75255162375314,21844668
2022-04-13,38.56637954711914,38.86025891896297,37.82037036981865,38.046433547821806,16655102
2022-04-14,38.40813446044922,39.01850783077255,38.40813446044922,38.88286853748947,8055450
2022-04-15,38.27250289916992,38.521170365413184,38.02383198347575,38.40813875817964,4905422
2022-04-18,38.29510498046875,38.543775882068836,38.00122557787865,38.29510498046875,5153446
2022-04-19,38.67941665649414,39.289786634325345,38.34032184109338,38.475957697583176,19132534
2022-04-20,39.244571685791016,39.42541948063613,38.4533505102666,38.81504954940742,12267904
2022-04-21,40.55573654174805,40.73658779093151,39.3576043459903,39.58366754510696,15025150
2022-04-22,39.01850891113281,40.71398287686366,38.8828696140941,40.420100032913524,11194532
2022-04-25,39.244571685791016,39.56105877622055,37.72994553308382,38.70201795290393,9451688
2022-04-26,37.39085388183594,39.741913356106274,37.300429976823985,39.24457497963879,13532098
2022-04-27,38.40813446044922,38.40813446044922,37.23260656664778,37.4360655065724,9835110
2022-04-28,37.95600509643555,38.63419461060259,37.68472998065878,38.362919494825825,7362692
2022-04-29,37.77515411376953,38.34031199429002,37.61690714766383,38.06903345208022,9875268
2022-05-05,38.475955963134766,38.90547811295058,38.00122531264447,38.06904151310688,12940656
2022-05-06,37.549102783203125,38.27250440812901,37.16479254389625,38.27250440812901,14959882
2022-05-09,37.30042266845703,37.82036864402859,36.82568863653295,37.54909353269348,13397282
2022-05-10,37.79776382446289,37.86558346982132,37.48127674539083,37.616912586657236,2818212
2022-05-11,37.63951873779297,38.928078148836356,37.300423974389425,38.38552790717082,12359776
2022-05-12,37.187400817871094,37.662134974049884,36.69006240867732,37.30043243129928,11834806
2022-05-13,36.938720703125,37.50387862973003,36.62223364400627,37.368242797014965,8341298
2022-05-16,36.98394775390625,37.07437167088397,36.23793836576039,36.938732345966066,6391606
2022-05-17,38.04642868041992,38.45334303865782,37.07435644947659,37.07435644947659,19865550
2022-05-18,37.07435989379883,37.97861257413538,36.75787283546113,37.752549404051244,19374580
2022-05-20,36.32835388183594,37.00654345069206,36.32835388183594,36.82569220910698,15649480
2022-05-23,36.30575180053711,36.8709098083322,35.22064773568038,36.55441925429651,17142650
2022-05-24,35.31106948852539,36.35096153937289,35.31106948852539,36.30574959139051,19099858
2022-05-25,36.011863708496094,36.5092019931254,35.31106650098418,35.31106650098418,11982518
2022-05-26,37.02914810180664,37.3004232171321,36.124895417754956,36.19271505894888,12971720
2022-05-27,36.961334228515625,37.21000513521561,36.57702746771174,37.05175813125156,10374572
2022-05-30,37.7525520324707,37.93340327101934,37.05175477663867,37.300425660824345,13879408
2022-05-31,37.30042266845703,37.88818828422492,37.27781497190819,37.752549003832264,16172348
2022-06-01,38.3403205871582,39.01851019577928,37.41346007559578,37.41346007559578,15326960
2022-06-02,39.7871208190918,40.239247192036025,38.15946656638268,38.88286807320335,11221438
2022-06-03,39.85494613647461,40.442708435273225,39.56106326234982,39.787126480991816,9255014
2022-06-06,39.99057388305664,40.44270022859465,39.8549380490654,40.239244752882655,6414808
2022-06-07,39.31238555908203,40.2392459753736,38.928078843589326,40.01318279573667,10769950
2022-06-08,37.8881950378418,39.80973230570291,37.8881950378418,39.357605889735595,10326274
2022-06-09,37.209999084472656,38.521162708188406,36.66744540792973,38.02382442511172,17136878
2022-06-10,36.848297119140625,37.48127469205886,36.3961707741205,37.07436029165069,10641312
2022-06-13,37.07435989379883,37.752549404051244,36.667445497757335,36.803084779587905,10185018
2022-06-14,37.820369720458984,38.43073960069765,37.32303142728119,37.32303142728119,12898842
2022-06-15,38.48793029785156,38.833216760175176,37.88943587061862,38.303776815458534,9314742
2022-06-16,37.59018325805664,38.60302204441451,37.106780852674135,38.60302204441451,18250072
2022-06-17,38.39584732055664,38.39584732055664,37.383005134441646,37.728291524891915,10487400
2022-06-20,38.09659957885742,38.85623036358144,37.54414274220445,38.60301893119513,8512678
2022-06-21,38.34981155395508,38.67207746115741,38.07357961928456,38.46490702258947,6599038
2022-06-22,38.90226745605469,39.13245838774731,38.16565717712524,38.23471515912,10584414
2022-06-23,39.06339645385742,39.36264533727095,38.718110091249784,38.994338478848995,8426720
2022-06-24,38.856231689453125,39.29359307402435,38.695098732633994,39.27057608729878,7054314
2022-06-27,38.11962127685547,38.11962127685547,38.11962127685547,38.11962127685547,50056
2022-06-28,38.695098876953125,39.06340227785121,38.05056353483767,38.21169649225777,16993830
2022-06-29,37.38300323486328,38.71811124591582,37.33696575429622,38.53395781121295,9271078
2022-06-30,37.22187423706055,37.705276615275416,36.646396887964265,37.52112316107761,14600706
2022-07-01,38.02754592895508,38.16566191007245,37.17584007855875,37.24489806911744,6330528
2022-07-04,38.09659957885742,38.74113489657583,37.79735066215585,38.119620077232504,5463196
2022-07-05,37.22187423706055,38.37282893525311,36.89960832654062,38.21169597999315,7412196
2022-07-06,38.58000564575195,38.58000564575195,37.29093488667072,37.49810534217813,7803254
2022-07-07,39.22453689575195,39.22453689575195,38.18867760964123,38.67208001480031,6385836
2022-07-08,39.316612243652344,39.66189864477499,38.971325842529694,39.22453376255869,2473954
2022-07-13,38.58000564575195,39.3166160027547,38.11962373357083,39.3166160027547,6604610
2022-07-14,37.75131607055664,39.24755725627992,37.06074321560743,38.37283093752389,10034022
2022-07-18,38.856231689453125,38.902269175339306,38.211696349741565,38.211696349741565,5833826
2022-07-19,39.316612243652344,39.316612243652344,38.51094397436617,38.76415189439516,5751412
2022-07-20,39.29359436035156,39.59284329706056,38.6720794994545,39.59284329706056,6187458
2022-07-21,38.879249572753906,39.36265196679384,38.55698365168402,39.36265196679384,7391354
2022-07-22,39.017364501953125,39.40868839919072,38.810194060014105,39.10943947338491,6996968
2022-07-25,39.70793914794922,40.05322557532269,39.13246176899343,39.13246176899343,9364866
2022-07-26,40.62870407104492,41.3422974455388,39.77699822926645,39.84605621912638,13705132
2022-07-27,41.59550857543945,41.848720053494574,40.19134573217941,40.90493564885517,10339078
2022-07-28,41.572479248046875,42.12493602038966,41.089076937921064,42.03286106247736,13183468
2022-07-29,42.40117263793945,42.677401077735325,41.158142902640435,41.66456229433874,9559654
2022-08-01,43.80533981323242,44.104588759776064,42.40117357076201,42.40117357076201,10322940
2022-08-02,43.02268981933594,44.01251166823571,42.90759433719493,43.78232070395369,7324962
2022-08-03,43.298919677734375,43.57514811893321,42.72344229505548,43.09174571250885,6600424
2022-08-04,43.87439727783203,44.63402461678434,43.73628130033058,43.87439727783203,6344616
2022-08-05,43.9894905090332,44.33477692272284,43.39099265366383,43.92043252380827,6043984
2022-08-08,45.41667938232422,45.66988734352903,44.12760853686808,44.150629038993735,8216198
2022-08-09,45.117427825927734,45.90007567915849,44.9793118459763,45.416676774199004,6142930
2022-08-10,47.419334411621094,47.60348786910469,45.43969089043376,45.577806861655226,11237028
2022-08-11,51.056358337402344,51.60881526571848,47.97179720240334,48.340104162904424,24948184
2022-08-12,50.13559341430664,51.51673921903996,49.62917398839151,51.05635728412886,13087478
2022-08-15,49.39897537231445,50.595967515261634,48.984630992561804,50.3197390995715,9919720
2022-08-16,50.918235778808594,51.10238923529667,47.87971604027796,49.583127609813836,16084880
2022-08-17,51.97711944580078,52.6676923254728,50.319745237075004,52.02315693529186,15657878
2022-08-18,49.2608642578125,50.964275915959036,47.879718530957945,50.642009984667055,27798388
2022-08-19,48.98463821411133,50.22766802418779,47.9717958573496,49.260866670524386,17106872
2022-08-22,50.8722038269043,51.10239479444685,48.43217816597907,48.98463859554244,14896998
2022-08-23,50.96427536010742,52.11523011993311,50.595971944424306,51.05635384835458,11548038
2022-08-24,51.148433685302734,51.79296911454866,49.81332533452949,51.24051218230102,14759806
2022-08-25,51.37861633300781,52.39145856124018,51.10238791164805,51.79296072126492,12012694
2022-08-26,51.97711944580078,52.25334789518253,50.82616464634742,51.56277501551051,12543580
2022-08-29,51.700889587402344,51.83900205211155,50.734084772261845,51.79296456387515,10511350
2022-08-31,50.36578369140625,51.70089198683542,50.36578369140625,51.70089198683542,13321646
2022-09-01,50.31974411010742,51.1023919512333,49.813321199741615,50.18162813229216,15396802
2022-09-02,49.9514274597168,52.43748998969191,49.9514274597168,50.50388423862925,23566334
2022-09-05,52.4375,52.52957497658433,49.9053995071438,50.04351197202028,17307064
2022-09-06,52.02315139770508,53.86467888080968,51.47069455774766,53.31222204085227,17990954
2022-09-07,52.34542465209961,53.12807604977217,51.332585799153264,52.06919619333564,14061048
2022-09-08,55.245826721191406,55.47601766586304,52.71372632980347,52.71372632980347,18124764
2022-09-09,55.798282623291016,57.27150675130027,55.01563482984876,55.70620765198075,13601596
2022-09-12,55.75224685668945,56.719048134997394,55.52205590888113,56.074516291082176,9421808
2022-09-13,53.91071701049805,57.36358108263629,53.58845110207247,57.08735265935223,12943172
2022-09-14,55.19978332519531,55.429974245223285,52.52956724789693,53.910712768064776,8669292
2022-09-15,53.86467742919922,55.89035830851077,53.86467742919922,55.245823004306885,8441220
2022-09-16,55.42998123168945,55.79828464269483,53.91071956304125,54.14091051208278,9726020
2022-09-19,53.312217712402344,55.89035527694132,53.26617671911488,55.476010924396654,6715824
2022-09-20,53.54241943359375,54.78544922962797,52.52957708827387,53.68053190402235,8673232
2022-09-21,53.45033645629883,54.96959809059234,53.220145512462544,54.37110023164398,10111146
2022-09-22,54.23297882080078,55.19977992284051,53.63448106064384,53.68051853932488,8528072
2022-09-23,55.291866302490234,56.76509051166598,54.140911535525674,54.23299002434396,14061544
2022-09-26,54.877525329589844,57.54774196158139,54.78545034742548,56.71905307236045,14671840
2022-09-27,56.166595458984375,56.7650933729477,55.15375661797684,55.24583159900102,11906206
2022-09-28,55.42998123168945,57.82396569674739,55.291865257290475,56.12055407881407,13038386
2022-09-29,53.77260208129883,56.028470361368036,51.97711214390033,55.93639539532085,9600838
2022-09-30,53.26618576049805,53.818646161810236,52.069193492974485,53.77260867314303,9456752
2022-10-03,56.76508712768555,56.949237069473845,53.40429800352425,53.63448894319461,11997722
2022-10-04,56.99528503417969,57.3175509841364,55.93640517728974,57.3175509841364,10657572
2022-10-05,57.1794319152832,58.238311715076875,56.30470909472826,57.13339442669114,13109864
2022-10-06,58.97492218017578,59.25114709579345,57.22546961511695,57.639810500978484,14616624
2022-10-07,58.19226837158203,59.57341045255922,57.547733058836094,59.205110580878475,19861652
2022-10-10,57.455657958984375,58.65265010137262,56.85716013157282,58.65265010137262,8402546
2022-10-11,56.580928802490234,57.916036840127774,56.35073788263668,57.547729963388214,9743692
2022-10-12,55.291866302490234,57.31754739483489,55.06167534909732,56.626974534656156,12962404
2022-10-13,56.85716247558594,57.317544357979344,55.47601682840571,56.58093404863689,12646864
2022-10-14,58.51454162597656,58.974927060744406,57.40962430989144,57.96208472415166,13933136
2022-10-17,63.53269577026367,63.71684570167892,58.83680227047897,58.928877236186594,20587164
2022-10-18,63.30250930786133,64.8678049098895,62.56589548051273,63.80893219227225,14892980
2022-10-19,65.05194854736328,66.61724382859859,63.578728219459116,63.94702803278368,13983054
2022-10-20,64.54554748535156,66.29500028678252,64.08516553891558,65.09800441610055,11790376
2022-10-21,65.37422943115234,66.15687725176251,63.80893378993201,64.45346563634739,8851180
2022-10-24,65.65046691894531,66.89349674184135,64.77573702515117,65.51235093309667,8597136
2022-10-25,64.45345306396484,66.43309624161755,63.0723076411656,65.97271443401779,12993832
2022-10-26,62.980247497558594,64.7757341595481,62.7040155380815,64.7757341595481,12998336
2022-10-27,62.151554107666016,63.486658756327124,61.32286531458979,63.30250881336353,14274480
2022-10-28,61.13871383666992,62.15155254728128,60.77040693511947,62.15155254728128,4896222
2022-10-31,61.691165924072266,61.87531584822624,60.81644324703687,61.36890004436814,15181990
2022-11-01,63.71684265136719,64.59157234588771,62.1055062415796,62.151547234664086,12823202
2022-11-02,64.82176971435547,65.32818556435055,63.394583085095825,64.22327186902497,9679578
2022-11-03,64.40743255615234,65.05197150669004,62.88817772781384,64.9138555155126,11640430
2022-11-04,66.24895477294922,66.52518673195746,64.1312021784113,64.86780902764907,11877766
2022-11-07,67.72217559814453,68.04444150079624,66.47913893454962,66.75537086531956,10860846
2022-11-08,67.90633392333984,69.28747969805184,67.26180203842252,68.13652488579184,11926468
2022-11-09,63.71684265136719,64.31534043711929,62.151547234664086,63.90099959883589,34700856
2022-11-10,65.55838012695312,66.24895298092329,63.670818541023536,64.82177329764049,19138336
2022-11-11,62.565895080566406,66.24895014402568,62.01343822602152,66.20291617065446,24475628
2022-11-14,62.289676666259766,63.164399525169124,62.01344469772482,62.7040175941914,15709262
2022-11-15,61.691165924072266,62.98023646775808,61.09266813326785,62.70400455665779,21162278
2022-11-16,59.665496826171875,62.65797916494853,59.527380851715826,61.73721536840187,22481878
2022-11-17,58.00811767578125,59.94172019333327,57.13339138929436,59.94172019333327,13336212
2022-11-18,60.17192077636719,60.17192077636719,57.77793598896977,57.77793598896977,12769420
2022-11-21,59.02095413208008,61.184747508885785,57.6858495234831,60.67833166849754,21764098
2022-11-22,60.632293701171875,60.770409673585874,58.42246272959344,58.560575189572354,21092760
2022-11-23,59.849647521972656,61.27683423436784,59.38926561795748,61.00060228201059,18315300
2022-11-24,61.04663848876953,61.41493836316522,59.665492885176285,60.402099658837464,25331896
2022-11-25,60.90852737426758,61.553059230661155,60.67833642200267,61.23079330246436,17638236
2022-11-28,61.36891555786133,62.15156347066586,60.77041761576218,61.04664959669135,19106976
2022-11-29,61.64512634277344,62.65797202343068,60.90851960441391,62.151549183102055,19436858
2022-11-30,61.921363830566406,62.24362974664366,61.04664105480385,62.151554774174464,32907406
2022-12-01,60.31002426147461,62.56589258802461,60.0798333291789,62.335701655728904,28104914
2022-12-02,56.62697982788086,59.80361247169161,56.58094233538595,59.80361247169161,36853922
2022-12-05,55.522056579589844,57.68585362258793,54.18694836368637,56.16659194372619,41244694
2022-12-06,58.42245864868164,58.83680302454587,55.337898083856636,55.56808901351067,27979634
2022-12-07,55.061676025390625,58.376427902423,54.46318164667919,58.376427902423,29999096
2022-12-08,56.07452392578125,56.25867389915234,54.509224565077844,55.06168151006229,20883944
2022-12-09,56.62697982788086,56.85717080279095,55.706215928240525,56.35075136047587,17538118
2022-12-12,57.59376525878906,58.284337992137694,56.67300161432422,56.67300161432422,18712282
2022-12-13,61.184749603271484,61.78324745773523,57.77792646997026,57.77792646997026,40401280
2022-12-14,59.46189498901367,62.11602676719568,58.716875854132006,61.69695594619012,22856400
2022-12-15,59.83440017700195,60.99849356565958,58.903125466075856,60.06721885473348,15450054
2022-12-16,59.88097381591797,61.091626819848436,59.78784064979306,60.300044643227935,4690798
2022-12-19,61.045066833496094,61.8366490035247,60.57942942700127,61.41757107464158,19555004
2022-12-20,63.04729080200195,63.606061274624665,60.99848941925767,61.231308081163235,26311142
2022-12-21,64.63046264648438,65.18922601992854,62.581654137106696,63.46636932469993,31188774
2022-12-22,64.30453491210938,65.32893588468234,63.88545694260431,64.95642450236572,16833674
2022-12-23,63.74574661254883,64.8167138753838,62.90760511604133,64.77015440616765,13682960
2022-12-26,63.18700408935547,64.49079044352253,63.04731142550471,64.211405115821,14553948
2022-12-27,63.83888626098633,64.58390178985506,63.28011573300676,63.51293441797744,15512864
2022-12-28,62.62822341918945,64.07170204262312,61.79007477026223,63.93200941695823,18547016
2022-12-29,63.55949783325195,64.30452043009878,62.44197104304377,62.72134918806479,10799550
2022-12-30,63.74574661254883,65.14265858014357,63.606061099838705,64.11825789158642,19365892
2023-01-02,64.86328887939453,65.28235968211136,64.16483280482473,64.21139228009181,13880730
2023-01-03,65.18923950195312,66.53958519246828,64.16483858793508,65.3754916299334,27983002
2023-01-04,63.60607147216797,66.02738452316669,63.23356013238443,65.4220544841513,20367576
2023-01-05,61.231319427490234,64.07171047109483,60.90537466143635,64.02514388806013,13968738
2023-01-06,60.25347137451172,61.277879247714374,57.739032479525044,60.06721927305428,20854578
2023-01-09,60.90536880493164,61.929769587624236,59.13594539570134,60.71910959576605,20519082
2023-01-10,60.53286361694336,61.97634243752646,59.74128143681133,60.8122489064314,14604386
2023-01-11,57.92528533935547,61.92976572055429,57.92528533935547,61.231309716187134,15435492
2023-01-12,58.670310974121094,60.25347525361992,56.435250087427754,59.83440444582985,21636928
2023-01-13,57.31996154785156,59.13594806508078,57.1802724634686,58.670310678741565,19071816
2023-01-16,59.69470977783203,59.69470977783203,57.50621554646879,57.64590817933505,13078106
2023-01-17,61.32444381713867,61.976340436542436,59.32220513981887,59.69471292622349,12292964
2023-01-18,62.58164978027344,62.95416103832318,60.998485814888625,61.79006779758103,16950432
2023-01-19,63.0007438659668,63.65263340696399,61.976342970801305,62.58166592812879,12482684
2023-01-20,63.0007438659668,63.65263340696399,62.34884721990649,63.1404365119128,11634672
2023-01-23,63.83888626098633,65.70143574075179,63.09386362705518,63.14043020607428,20583394
2023-01-24,63.74574661254883,64.39764312713005,62.721345923991684,63.79231318682666,18227930
2023-01-25,63.5129280090332,65.23579178801594,61.55725267363467,64.16482452420718,21059502
2023-01-26,62.34884262084961,64.351084784882,61.92977181898677,63.326683965279706,14850234
2023-01-27,62.1625862121582,62.58165698504679,60.06721813759108,61.9297675372063,12228688
2023-01-30,59.74127960205078,62.44197793226071,59.6947130202119,62.44197793226071,14404546
2023-01-31,57.97185516357422,59.69471208878837,57.97185516357422,59.648152612738805,13440790
2023-02-01,55.4574089050293,58.48405174718699,55.4574089050293,58.20467004149405,15499612
2023-02-02,56.62150192260742,57.506213611756046,53.408603447557745,56.57493889739562,20164400
2023-02-03,59.135948181152344,59.229074237590446,57.18027257570157,58.20467340664601,22191590
2023-02-06,59.83440017700195,60.39316358254518,57.73903207741823,58.437488110612804,4812720
2023-02-07,55.87648391723633,59.83440152804057,55.41084655125936,59.601582845052086,11532878
2023-02-08,54.619258880615234,54.619258880615234,54.619258880615234,54.619258880615234,200
2023-02-15,61.464134216308594,61.464134216308594,58.67030993374911,60.06722207502885,10597092
2023-02-16,62.441986083984375,65.1892442496215,61.83665596636799,65.1892442496215,17793886
2023-02-17,63.0007438659668,64.3045300530243,61.2313202624647,62.34884721990649,12013854
2023-02-20,62.6747932434082,64.3510835230526,62.30228192402196,63.00073798347274,7004348
2023-02-21,62.535099029541016,63.885444534982476,62.44197297831441,62.67479165891206,7151964
2023-02-22,61.464134216308594,63.466376373155406,61.464134216308594,62.67479424744273,8195864
2023-02-23,62.20915603637695,62.395408144035656,61.32444076234195,61.69695208272182,7857624
2023-02-24,61.55726623535156,62.6282337351058,61.417573586676966,62.209162894145265,5662434
2023-02-27,62.95417022705078,63.04729627889048,60.486290775455956,61.929769446689434,12056620
2023-02-28,63.46637725830078,64.11826675796466,62.86104723429137,63.09386592775171,11504704
2023-03-01,64.81671905517578,65.14266378598325,63.65262565581896,63.932010913689496,10257296
2023-03-02,66.02738189697266,66.21363400692495,63.51293578224129,64.81672186709505,14472294
2023-03-03,63.74574661254883,66.07393322520673,62.58165330621988,65.84111456394095,14179804
2023-03-06,65.18923950195312,65.4686247989868,63.419815865887465,64.02514593941825,14726298
2023-03-07,64.49077606201172,66.58614423731174,64.49077606201172,65.70143607198781,10876218
2023-03-08,64.95640563964844,64.95640563964844,63.373241605868024,64.44420174956923,7324730
2023-03-09,65.09610748291016,65.98081566747743,64.77016273623077,64.95641484717254,9028382
2023-03-10,65.93424987792969,66.5395727330516,64.72358995756204,65.28235334193867,15019094
2023-03-13,67.19148254394531,68.44870218344491,66.12051503434813,66.72584511412596,23494128
2023-03-14,64.16483306884766,67.98305820452778,64.16483306884766,67.37772818306398,21775456
2023-03-15,63.88544464111328,65.23579725386031,62.39540650382543,64.1648299003195,16881472
2023-03-16,67.51741790771484,67.61054395967854,63.97857109259589,64.2113897750363,18022250
2023-03-17,67.65711975097656,69.84561424290837,66.67927830955053,68.58839460754868,22054422
2023-03-20,66.86553192138672,69.37997098067468,66.53958006494413,67.42429536733263,16852412
2023-03-21,65.32893371582031,67.75024696289744,65.18924106395629,67.00522422299828,14235064
2023-03-22,65.42204284667969,66.53956956217841,64.58389425752486,65.56173546238243,11834068
2023-03-23,65.7014389038086,66.35332841108539,64.95641623400991,65.65487232254765,7943804
2023-03-24,66.02738189697266,66.9120900768399,65.70143715202487,66.26020058694431,11847892
2023-03-27,65.65486907958984,66.77239592402599,65.14266513127022,66.63271039726827,8237848
2023-03-28,66.49302673339844,68.3090098767954,65.18924050233899,65.65487793449856,17133072
2023-03-29,68.4021224975586,68.63494116787712,65.98080974725829,66.63270628718735,14482686
2023-03-30,68.44869232177734,69.28684099570953,67.47085101801274,68.54181837331151,9929388
2023-03-31,69.24028015136719,69.70591755266094,67.37773054619221,68.21587928953353,12211692
2023-04-03,69.24028015136719,70.54406629600224,66.81896708565229,69.10058750996649,16622350
2023-04-04,72.17379760742188,72.26692366719307,68.91433577998993,69.24028054172054,16105908
2023-04-05,71.38220977783203,73.47757792920639,71.33564319910988,72.40661056415813,9968560
2023-04-06,72.87226104736328,72.87226104736328,71.00971124423579,71.24252996962673,11438640
2023-04-07,72.03408813476562,73.15162190610145,71.47532480162835,72.82567011546521,5772428
2023-04-10,74.3622817993164,74.50197442237074,72.17378772167166,72.17378772167166,8267708
2023-04-11,74.45540618896484,75.80575870834882,73.38444601453226,74.36228014402224,11067818
2023-04-12,75.06073760986328,76.13170491034846,74.50197422419421,74.59510027096206,8532524
2023-04-13,75.57295227050781,76.08514915309202,74.40885875773063,75.3866930454257,11647900
2023-04-14,77.10955047607422,77.66831389298964,75.61950522421664,75.71263838125448,14069478
2023-04-17,75.47982788085938,76.69048089790152,75.01419046544399,76.69048089790152,10581850
2023-04-18,75.4332504272461,76.36452512387876,75.0607391275806,75.4332504272461,8590284
2023-04-19,75.57295227050781,76.36453443818371,74.96762222285109,75.43325962796196,6785068
2023-04-20,73.80352783203125,75.43325873053035,73.24476437355841,75.43325873053035,5137270
2023-04-24,72.63943481445312,74.36229178327052,72.40661611312476,73.803528321095,8645922
2023-04-25,70.91658020019531,72.91882251911001,70.40437619824162,72.68600381005163,9056384
2023-04-26,71.52189636230469,72.26691182343721,68.7746318663923,70.3112364685044,10836150
2023-04-27,73.71039581298828,73.80352186435988,71.2425163737985,71.52190163297556,12293200
2023-04-28,72.73255920410156,74.17603796122175,71.47533966680548,73.5707079306532,12133946
2023-05-02,71.5684585571289,73.66382661114085,71.19594725984771,72.77911849702728,8234516
2023-05-03,72.82569122314453,73.10507652322039,68.26245009236997,71.66159764793402,9283220
2023-05-04,72.59285736083984,74.54853984317047,71.28907851270189,72.87224260261902,8876308
2023-05-05,73.10507202148438,73.5707094228951,71.61503375798263,72.59286803790742,10575496
2023-05-08,75.52637481689453,76.22483082402684,72.9653694574094,73.57069941793645,9004306
2023-05-09,77.06298065185547,77.38892537257296,72.63942587123536,73.10506321656379,21537128
2023-05-10,73.85009002685547,77.34237031617594,73.38445265494607,77.06298505100534,13357382
2023-05-11,81.20714569091797,81.20714569091797,73.61726306598239,73.75694857780397,19535782
2023-05-12,82.5575180053711,88.56423802819755,81.39342442691144,82.7437701358993,20191742
2023-05-15,74.31572723388672,75.0141832902012,74.31572723388672,74.31572723388672,25759752
2023-05-16,70.7303237915039,72.9188254280075,66.91209823164141,66.91209823164141,56565292
2023-05-17,68.30900573730469,71.66159362467577,67.8433683333625,70.96313751876251,22367492
2023-05-18,65.98081970214844,69.70591898927115,65.88769364098297,69.33340763954627,15380076
2023-05-22,63.74574661254883,66.91208182677592,63.14042377730712,66.39988503502819,13337464
2023-05-23,62.58164978027344,64.49076553711507,62.3953977037792,63.745743021015585,12227852
2023-05-24,62.116024017333984,63.559502745895855,62.116024017333984,62.72135403592647,11588796
2023-05-25,61.92977523803711,62.95417611419505,61.74352311694039,62.25572000248786,11050450
2023-05-26,62.62822341918945,62.95416814236613,61.55725609584145,62.1625860703479,22335234
2023-05-29,63.88544464111328,65.51517540800424,62.44197308204723,63.32668122776312,24758764
2023-05-30,65.46861267089844,66.2601947257686,64.77015666276678,64.77015666276678,23263688
2023-05-31,65.65486907958984,66.39989171258888,65.14266513127022,65.74799513244912,18955204
2023-06-01,66.95865631103516,67.70367185205909,65.79456286718914,66.02738155595834,14490464
2023-06-02,67.9365005493164,69.56623161079479,67.3777370349651,68.35557851387756,17221944
2023-06-05,71.75473022460938,72.77913114131044,68.58839430520885,68.86777249791099,21495858
2023-06-06,72.2203598022461,73.80352403736327,70.73031451617993,71.75472242661604,16094284
2023-06-07,74.82791900634766,75.57294159127085,73.19818831875736,73.19818831875736,21520122
2023-06-08,75.10731506347656,75.85233065058102,73.52414361888654,74.96762242056231,14654236
2023-06-09,76.17829132080078,76.78361433493073,74.36230096321958,75.47983513059197,14953738
2023-06-12,76.64391326904297,79.11178562425916,76.64391326904297,78.73928141558963,16234798
2023-06-13,77.06298065185547,78.41332611128311,75.61950203931251,76.83016197919125,16550628
2023-06-14,75.97891998291016,78.00565443688583,74.23498836138683,77.58145738018212,14874742
2023-06-15,79.27825164794922,79.27825164794922,75.46045661712101,76.02605508183912,9837116
2023-06-16,83.37884521484375,84.88711729908022,78.66551293154056,79.18398235949364,23809156
2023-06-19,82.4361801147461,84.65145207793238,81.58778604336986,83.4259827873176,13818938
2023-06-20,78.24132537841797,81.91772644302782,77.62859066898713,81.0693250908909,13185666
2023-06-21,74.89484405517578,78.85404732711606,74.65917745060698,78.71264592597998,13863212
2023-06-22,78.38272857666016,78.66552423912353,74.0464636911103,75.55472880017435,18162088
2023-06-23,79.18399047851562,80.409459874616,77.44005879327666,79.65532375517346,12923628
2023-06-26,81.06932067871094,81.5877901412368,78.94832100979117,79.51391948310815,10923778
2023-06-27,80.36231994628906,81.0221836262429,80.07951711660901,80.833653201106,3139960
2023-07-03,84.32151794433594,84.32151794433594,80.97505608942585,81.16358651799338,11507432
2023-07-04,83.1431884765625,85.87692296399067,83.1431884765625,84.55718832951068,11560444
2023-07-05,85.12278747558594,85.31131789801823,81.8234547391985,84.93424986117904,18732310
2023-07-06,86.34825134277344,87.62084969973414,84.51005451516073,85.64125145646474,15992160
2023-07-07,85.40559387207031,87.52659375560836,84.65146489533099,86.44252571007159,13928926
2023-07-10,87.38518524169922,87.80938949920694,86.25398827229516,86.30112447600987,13138056
2023-07-11,87.5265884399414,89.4119215552529,86.77245950900185,89.17625491583897,11704498
2023-07-12,87.90364837646484,88.32784541141136,85.97117923509863,87.57371655017594,9897514
2023-07-13,86.7253189086914,88.61065192844556,86.25398565375286,88.13931867350702,13324988
2023-07-14,87.10238647460938,88.13931819140747,86.58391702022298,87.667984939047,9246086
2023-07-17,91.7214584350586,92.14565550689366,87.80939080378779,88.13932265876785,16350058
2023-07-18,93.9838638305664,96.34053049825339,91.81573481147993,91.81573481147993,18135526
2023-07-19,94.21952056884766,95.02079290500699,91.39152086562692,93.93672491371068,10545824
2023-07-20,95.02079010009766,96.1519870712042,92.71125276212396,94.973653896312,11486806
2023-07-21,95.68064880371094,95.77491401438373,93.70105061168425,95.68064880371094,7865496
2023-07-24,93.46538543701172,96.85898341762858,92.38131751754356,96.52905157917515,9587274
2023-07-25,91.53292846679688,94.26666313614007,90.21319374449578,93.74819361210103,9164538
2023-07-26,95.91632843017578,96.52906317058184,91.06159390661699,91.72146485473718,10030394
2023-07-27,96.15198516845703,96.34051559591899,94.64372017283698,96.15198516845703,8335236
2023-07-28,102.37358093261719,103.12771701287676,96.52905148251686,96.57618049254891,17372682
2023-07-31,101.85511016845703,104.25890523868445,101.7608377723126,102.37357238738102,9207618
2023-08-01,101.24238586425781,103.26912032421335,100.72391640055704,101.9965147663978,6678660
2023-08-02,103.78758239746094,105.201582177241,100.6767871971297,100.86531762431045,11362690
2023-08-03,107.60538482666016,111.94164938551461,104.91878667980278,104.91878667980278,19805156
2023-08-04,108.78372192382812,111.18751732474234,106.33279031835723,107.60538872966183,10886750
2023-08-07,107.32258605957031,111.28178991354723,106.33279049005739,109.82065387363163,12638162
2023-08-08,108.97224426269531,109.58497891653752,106.37991142811055,108.31238059977264,11237182
2023-08-09,119.86005401611328,119.86005401611328,109.4435856970599,109.4435856970599,26447668
2023-08-10,125.70458984375,129.80518069438668,119.8600529349463,119.8600529349463,30223826
2023-08-11,128.53257751464844,130.79497126401407,123.39503380288498,125.7988361515539,14464676
2023-08-14,128.4383087158203,131.0306415522864,124.90330939336654,130.18224746847713,14836596
2023-08-15,122.21672058105469,128.90965928469996,119.48299315784803,128.43832597835734,15694318
2023-08-16,120.66131591796875,123.53645171311655,117.55051349016867,122.21670993989392,19216184
2023-08-17,119.01164245605469,121.93391428182252,118.54030921860497,120.66130878712872,12340316
2023-08-18,110.76331329345703,119.10591034567568,109.91491200855903,119.10591034567568,26314586
2023-08-21,118.87024688720703,120.66131471591638,109.77351351905745,110.76331624312635,23547634
2023-08-22,118.30464935302734,120.89698230697815,114.91105128806855,120.1899824104461,18445600
2023-08-23,114.53397369384766,119.48297255716206,114.53397369384766,118.77597271954572,15028986
2023-08-24,113.16712188720703,118.25751548936424,113.16712188720703,115.47665205144595,19754004
2023-08-25,121.13265228271484,121.79251599423533,113.35565320619813,113.35565320619813,19068786
2023-08-28,120.66131591796875,125.3746485710144,120.28424786733012,123.01798224449158,16217080
2023-08-29,121.1797866821289,122.54665028933535,119.1059159774321,120.9441200469571,10376440
2023-08-31,118.87024688720703,121.50970883143282,118.87024688720703,121.2740422011283,12104702
2023-09-01,122.1695785522461,123.01797260976849,119.15304157536603,119.62437480375594,10962112
2023-09-04,123.67784118652344,126.41158265060947,122.8765832966657,124.43197725882128,12934652
2023-09-05,124.5262680053711,124.5262680053711,122.4995261135215,123.96066227184299,8644036
2023-09-06,121.98103332519531,124.95044128398902,121.32116968455733,124.76191087008512,9650450
2023-09-07,128.6739959716797,129.61666260883484,123.96066278590388,123.96066278590388,20091740
2023-09-08,127.2599868774414,129.47525906925847,126.5529869503445,128.76825914216158,9242734
2023-09-11,127.2599868774414,129.66378950636093,126.97718402981258,128.48545629453275,9735058
2023-09-12,127.49565887451172,128.57971972134308,126.27018940595173,127.25999222224829,13326376
2023-09-13,127.2599868774414,129.85231994346336,127.11859264560216,127.91985059927511,14070830
2023-09-14,129.09817504882812,129.09817504882812,124.66764534985747,127.30711444199405,15218568
2023-09-15,127.2599868774414,134.89559184366803,127.2599868774414,129.85231994346336,18864578
2023-09-18,126.31729888916016,127.9198289087256,125.79882948707925,127.25996529878076,11844270
2023-09-19,130.1351318359375,133.48160126691084,126.41160150455224,126.41160150455224,12678452
2023-09-20,127.2599868774414,130.98351695002833,127.2599868774414,130.1822589963554,7947906
2023-09-21,129.9465789794922,130.70070065028546,126.93003476052374,127.25997377945744,8595370
2023-09-22,128.8625030517578,131.21916921723965,127.87270038546569,131.03063880079088,6978740
2023-09-25,130.8892364501953,131.6904942662949,127.54276782639107,129.61663104634297,9040814
2023-09-26,129.80517578125,133.67011423270898,128.95678167431973,131.07778132559488,9589474
2023-09-27,127.2599868774414,130.41792563872102,127.11859264560216,129.89945614872656,9063858
2023-09-28,127.2599868774414,128.29692585743032,126.88292600323653,127.54278972507024,8128630
2023-09-29,129.47523498535156,130.98349258556786,127.54276600062512,128.39116000175008,11868048
2023-10-02,137.39364624023438,137.39364624023438,129.3338445617017,129.66378359956343,16552496
2023-10-03,134.09429931640625,138.7604952558993,132.1618302631763,138.10063163341664,13632952
2023-10-04,136.63951110839844,137.39364721173652,132.8217087722086,134.23570857198632,31266082
2023-10-05,138.71339416503906,139.23186370819192,134.56566658771985,137.62933325258913,22518472
2023-10-06,146.11329650878906,147.81009895793883,137.7235710434766,138.52482887783327,20565774
2023-10-09,147.52732849121094,150.4496008155439,141.35285915041152,144.03946481581283,18718732
2023-10-10,150.82664489746094,153.7960387152998,147.0559787750244,148.4699785709381,18260804
2023-10-11,151.10943603515625,152.2877691071959,150.35529999226114,150.87376942074832,14195580
2023-10-12,150.82664489746094,155.72850797983847,147.57444824364939,151.76931142807007,16183906
2023-10-13,150.82664489746094,153.27758363062458,149.97825077349262,151.39225056940631,8695576
2023-10-16,150.68524169921875,153.0890297019838,149.6954390242249,151.43936337164368,10569508
2023-10-17,147.52732849121094,152.2877978784205,145.83052567011282,151.01519216660904,11730694
2023-10-18,140.4573211669922,147.4801843485517,140.4573211669922,147.4801843485517,13981964
2023-10-19,138.52484130859375,141.9655827138981,138.38344708512142,141.39997705210988,9960324
2023-10-20,134.23570251464844,140.74010993048682,131.87903628802925,138.10064087988354,12375580
2023-10-23,136.8751678466797,140.080242458177,134.424243667951,135.0841073166876,10594704
2023-10-24,142.1069793701172,143.52097916484473,136.45098019120707,137.20511629185168,9262830
2023-10-25,133.57583618164062,142.62544006479627,133.0573667453439,142.10697062849954,8988254
2023-10-26,130.8892364501953,137.063689912881,130.70069166151507,135.03696289009915,22925822
2023-10-27,130.60646057128906,132.6331880118132,128.4383245101081,131.36059672960647,11320462
2023-10-30,131.40768432617188,132.58601727165026,129.71089639184066,130.55929035900627,7516584
2023-10-31,128.20263671875,133.71724118412857,128.1083643205245,131.97330250459558,11722984
2023-11-01,130.04086303710938,130.79499924286762,126.64727168712494,128.7682716748471,10705096
2023-11-02,136.45098876953125,136.92232206407195,130.74785302879872,130.74785302879872,9907452
2023-11-03,134.8013153076172,136.59237598120137,132.20898232093225,136.45098175368943,9161646
2023-11-06,137.15798950195312,138.68982271804023,135.39048963723724,136.33315623175238,5785512
2023-11-07,139.63246154785156,140.57512795492568,136.45096242397648,137.39362883105056,7521308
2023-11-08,144.46365356445312,147.1738199853197,140.92865388506195,143.04965369269667,14727358
2023-11-09,144.22799682617188,145.5241634643156,140.92866356544246,144.46366348765255,7770214
2023-11-10,138.45413208007812,144.46363057887302,137.7471322566905,144.1101306671792,7121260
2023-11-13,133.85861206054688,138.57194347112952,133.3872789194886,138.45411018586495,6825808
2023-11-14,135.2726593017578,136.6866592247727,133.26949274415338,134.68349266716828,7160516
2023-11-15,136.80447387695312,138.21847360694747,135.39047414695878,136.5688072552874,5701722
2023-11-16,142.1069793701172,142.81397926748096,137.15798008857084,137.5114800372527,7358778
2023-11-17,145.28848266601562,145.52414930456553,141.04648317211735,142.10698304559193,7140766
2023-11-20,143.4031524658203,147.52731872408137,143.4031524658203,146.11331886410616,6401790
2023-11-21,147.64512634277344,148.94129265543944,143.16746089901812,145.17062701859288,9812656
2023-11-22,145.87762451171875,147.76295730023853,145.4062913145888,147.64512400095606,5647388
2023-11-23,145.87762451171875,149.05912359234588,144.4636249203289,145.87762451171875,7493910
2023-11-24,149.17697143554688,151.18013771864665,145.4063054908885,145.8776387339708,7900278
2023-11-27,151.06231689453125,152.94765002270012,148.70565048432016,149.53048372789405,6566318
2023-11-28,148.5878143310547,151.88714724245003,147.40948114841348,151.06231401460118,5648912
2023-11-29,147.05596923828125,150.11963526407877,145.40630291669797,148.94130217723358,5025544
2023-11-30,145.17063903808594,149.29480491984975,145.0528057271784,146.938138701699,8026226
2023-12-01,143.9923095703125,148.4699754980309,142.34264317588995,147.64514230081963,5829028
2023-12-04,145.0528106689453,146.58464376293094,141.75347785113016,143.99231083464758,5777226
2023-12-05,145.52413940429688,145.99547264933102,142.81397324535044,145.0528061592627,3997030
2023-12-06,147.52732849121094,149.41266176266413,144.58149525456537,145.64199521975777,13588926
2023-12-07,152.476318359375,152.476318359375,146.82031891482322,147.8808188106767,10598078
2023-12-08,151.6514892578125,152.47632253271902,148.70565613314636,152.47632253271902,11623850
2023-12-11,149.05914306640625,154.1259755975173,147.99864323431325,151.65147598930028,10700526
2023-12-12,146.3489532470703,149.88395211777248,145.5241201772398,149.17695234363205,6566652
2023-12-13,142.34266662597656,146.58466662476394,141.63566662617868,146.11333329156534,7268442
2023-12-14,147.64512634277344,148.70562605313654,142.10696118865502,143.87446070592685,7739186
2023-12-15,151.06231689453125,153.41898330474234,147.17381731768293,147.64515059972516,9544548
2023-12-18,149.88397216796875,152.9476382657417,148.7056390534407,151.0623052824968,4696460
2023-12-19,143.8744659423828,150.0017978252689,143.8744659423828,149.8839645198288,8804522
2023-12-20,144.70750427246094,146.8495561449151,143.75548121803683,145.302518681476,6357374
2023-12-21,147.20657348632812,148.27759948582445,143.39848104367454,144.23150126550502,5655378
2023-12-22,147.3255615234375,149.22960755281957,145.54051837089182,148.27758453812854,5767998
2023-12-25,143.27947998046875,148.0395955944378,142.2084539673257,147.68258692339012,3846430
2023-12-26,144.5885009765625,145.7785297911844,140.542403006848,143.75548080632717,6605702
2023-12-27,145.6595458984375,147.3255864560994,142.32746478311378,144.58851982565488,5334808
2023-12-28,146.37356567382812,149.94365264148246,145.65954828029726,145.65954828029726,5462790
2023-12-29,143.1604766845703,149.46762985521224,142.56546223450974,146.37355471489732,6389998
2024-01-02,143.27947998046875,145.7785406778025,141.49443662523035,144.94552044535791,8118422
2024-01-03,139.1143798828125,143.51748685942846,137.9243509702136,143.39848396816856,7608890
2024-01-04,143.99346923828125,144.94549217539387,138.63834021702286,139.23335455271823,7067966
2024-01-05,146.25453186035156,146.25453186035156,142.68444564732428,144.11248013253518,7221038
2024-01-08,151.84767150878906,152.20468014086302,147.44456504654363,147.44456504654363,7816886
2024-01-09,152.08567810058594,153.51371263674167,149.70562054032638,152.3236838566119,8031230
2024-01-10,151.4906768798828,152.68070576346398,148.39660178257176,150.41965088465975,8706352
2024-01-11,156.2507781982422,156.96479546342837,152.08567748465614,152.68069187231131,8633094
2024-01-12,159.46385192871094,160.77288354902126,154.70373694576435,156.25077431522197,14574282
2024-01-15,161.12989807128906,163.03394413416987,159.5828606451984,160.17787503984866,5648504
2024-01-16,159.46385192871094,161.6059036710369,158.27382318297427,161.2488950473159,4254068
2024-01-17,158.63084411621094,159.2258585352515,156.13178355624063,159.2258585352515,4973768
2024-01-18,158.8688507080078,160.65389397438992,158.0358305170295,159.4638651301352,4351112
2024-01-19,159.46385192871094,160.53487779987393,156.60778293894296,159.46385192871094,5306574
2024-01-22,164.46197509765625,165.17599235567792,157.32180251743964,159.46385429150462,5530974
2024-01-23,171.8401641845703,171.8401641845703,167.55606036833447,168.0320719034718,8536750
2024-01-24,175.05322265625,176.71926284468475,170.17410496154827,171.84014514998302,6471734
2024-01-25,173.38720703125,176.8382907676304,171.84016949425188,176.12427344286203,5090674
2024-01-26,176.24325561523438,177.07627572955352,172.31616079058702,173.38718665185448,5880242
2024-01-29,177.07626342773438,178.74230354062973,174.33919752797772,177.5522748885616,5936458
2024-01-30,176.12425231933594,177.79029254397832,175.4102350802035,177.67128967078958,4805428
2024-01-31,181.36041259765625,185.0495023552201,175.5292707227972,176.24328809522893,8815212
2024-02-01,178.02830505371094,183.62144030606683,178.02830505371094,181.71739426271162,7769200
2024-02-02,175.29124450683594,180.05135976839293,174.22021857298563,179.4563453606983,6814322
2024-02-05,179.09934997558594,179.45635864663362,175.2912574844107,175.76726904580758,4756872
2024-02-06,180.17037963867188,181.12240278075205,177.5523159979514,179.93237385315183,6014742
2024-02-07,178.02830505371094,182.78842016209893,176.36226476577514,182.78842016209893,5831008
2024-02-08,183.85943603515625,186.59650207322005,177.43328098926727,178.02829534536812,8303930
2024-02-09,188.7385711669922,189.09557981358802,182.9074299392604,185.04948181883535,6110450
2024-02-12,186.9535369873047,192.3086669455661,184.93048789196146,190.40462073818426,5249252
2024-02-13,180.88436889648438,189.21457009566458,180.88436889648438,188.97656434711658,4293198
2024-02-14,181.36041259765625,183.74047050576198,178.98035468955052,182.31243576089852,8128430
2024-02-15,190.04759216308594,191.59462954450117,181.47938512755545,182.55041100699677,10030452
2024-02-16,185.7635040283203,190.4046165568946,185.64450114297225,190.04760790085044,5920866
2024-02-19,185.64450073242188,188.8575786297138,184.5734747666579,186.47752092801608,6419652
2024-02-20,188.2625732421875,189.33359925936807,185.28750097224142,186.23952409862417,5725244
2024-02-21,191.47564697265625,192.78467874189133,188.02456321740019,189.09558921041068,8785652
2024-02-22,187.90554809570312,192.42765754955792,186.83452217242174,192.07064890846414,7001924
2024-02-23,188.0245361328125,188.7385533586333,186.00148732632022,188.38154474572292,4147300
2024-02-26,188.0245361328125,191.35661651997628,185.8824844553501,188.50054761669304,6322478
2024-02-27,183.26443481445312,188.61956440318713,182.31241177645595,188.50056152343748,7911232
2024-02-28,181.2413787841797,183.26442766095647,178.98032415719385,183.26442766095647,7571844
2024-02-29,184.8114776611328,187.90555262519558,180.8843825144378,182.9074315294019,10137432
2024-03-01,181.36041259765625,186.00152551846242,179.9323778527928,184.93049945981483,4498696
2024-03-04,177.5522918701172,185.04947309519588,175.76724872128892,181.5983896741279,8423926
2024-03-05,177.07626342773438,180.64634938393868,173.14916887590962,177.43327202335482,9578766
2024-03-06,177.19529724121094,180.88438670694467,174.22022509142565,176.6002828112539,7660022
2024-03-07,183.26443481445312,183.62144345370206,177.19528794722123,177.19528794722123,8920860
2024-03-08,184.93048095703125,186.71552420951227,183.9784578890414,184.57347230653505,8226712
2024-03-11,186.0015106201172,190.28561451155943,185.644501962497,189.92860585393925,6719874
2024-03-12,189.80960083007812,189.80960083007812,184.9304825642266,186.35851717862215,7341788
2024-03-13,183.85943603515625,189.45257098250403,183.6214302927159,189.45257098250403,6816678
2024-03-14,185.16848754882812,185.64449908494336,182.4314212161655,184.6924760127129,5101802
2024-03-15,180.17037963867188,186.00152138391292,180.17037963867188,185.16850113459276,7698228
2024-03-18,180.2893524169922,182.31240125599473,179.33732943393215,180.4083552898747,4614914
2024-03-19,183.9784698486328,185.52550743468214,177.90932239567016,179.45635998171946,5435220
2024-03-20,182.07440185546875,184.4544593960631,181.36038459329043,183.97844788794424,5387032
2024-03-21,182.78842163085938,185.16847920417786,179.9323525428772,184.69246768951416,8561268
2024-03-22,176.3622589111328,186.83451180194234,176.3622589111328,183.38342846292556,10495658
2024-03-25,169.4600830078125,178.02828945202774,169.4600830078125,176.95726364650082,11798780
2024-03-26,164.93797302246094,170.88811634938955,163.15293002438236,169.6980876840038,9578674
2024-03-27,166.3660125732422,168.9840757181716,162.9149293367443,165.89000109234593,7846618
2024-03-28,167.3180389404297,167.91305330366023,164.6999757422153,167.55604468572193,8971890
2024-03-29,171.8401641845703,172.43517860349195,168.27007767104044,169.46010650888374,6973820
2024-04-01,172.55418395996094,175.52925609720162,168.03207431135505,173.7442128148572,6617748
2024-04-02,173.6251983642578,175.64824728282696,170.76912930274844,173.26818973156915,6824202
2024-04-03,176.4812774658203,177.79030919348318,171.24515055516886,172.55418228283173,8580840
2024-04-04,180.88436889648438,182.0743976392244,175.88624817697627,176.48126254834628,8552350
2024-04-05,192.78469848632812,193.49871588812934,179.69437945330586,181.5984258581091,12070274
2024-04-08,191.47564697265625,194.09371051112637,190.28561809153348,192.3086671894422,6399782
2024-04-09,191.47564697265625,191.47564697265625,191.47564697265625,191.47564697265625,0
2024-04-15,186.9535369873047,193.85570448906387,186.9535369873047,189.45259763449334,8098318
2024-04-16,186.5965118408203,188.02454637021435,183.50243702713323,185.6444888212243,5956024
2024-04-17,184.57347106933594,188.97657772927496,182.3124162980159,187.07253160605808,7817808
2024-04-18,175.05322265625,184.57345230444852,175.05322265625,184.33544656324355,8451312
2024-04-19,176.83828735351562,180.40837390843183,173.26820079859942,175.05324407605752,9698326
2024-04-22,176.12425231933594,181.47938161282926,174.93422358744854,181.47938161282926,5538410
2024-04-24,175.1722412109375,179.09933629243272,174.22021816087806,178.74232764866042,4732546
2024-04-25,177.4332733154297,179.69432777082417,174.57720452966825,174.69620739574162,7541090
2024-04-26,183.9784698486328,185.64451032591668,178.02832528690473,178.02832528690473,7500142
2024-04-29,184.57347106933594,185.52549413094437,181.36039323640745,185.40649124824333,7524116
2024-04-30,184.21646118164062,188.02455340244973,182.55042083503665,184.57346982734148,9812712
2024-05-02,192.1896514892578,192.1896514892578,185.04947867851138,185.1684815586905,8532358
2024-05-03,198.61581420898438,198.61581420898438,190.99962960180943,192.1896584466805,8313682
2024-05-06,198.73480224609375,200.75785113123362,195.75973035618216,198.61579937049729,5628890
2024-05-07,199.44882202148438,202.30489107191136,196.35474721685515,198.73480475887763,7144344
2024-05-08,199.92483520507812,202.06688701084684,196.83076037452335,200.28184383937293,6404728
2024-05-09,202.30490112304688,202.30490112304688,199.32982904770793,199.92484346277573,5644446
2024-05-10,202.18588256835938,203.73291992762287,200.63884520909588,202.06687969456988,11621618
2024-05-13,202.78091430664062,206.8270123620548,201.59088546681292,203.01892007460614,7012184
2024-05-14,216.94224548339844,219.67931166338647,203.3759174608491,203.4949203382399,15253148
2024-05-15,223.368408203125,223.84441972833145,215.1572093933138,215.63322091852024,9546292
2024-05-16,222.1783905029297,223.24941648821428,217.65628078728355,223.24941648821428,6310784
2024-05-17,231.6986083984375,232.29362280110425,221.34535779203583,222.1783779557693,6960668
2024-05-20,231.93661499023438,231.93661499023438,226.81949110897216,231.6986092283152,4211224
2024-05-21,231.93661499023438,236.93473599053704,228.48553144240637,232.6506322759919,7553170
2024-05-22,230.8656005859375,233.95967564533666,228.72354862173808,232.88864966323695,5727742
2024-05-23,230.62759399414062,235.14970368030023,228.4855420375387,230.86559976709637,8011690
2024-05-24,222.53538513183594,229.79456079656427,222.17837649258698,229.43755215731534,5199742
2024-05-27,227.05751037597656,229.43756813673102,219.32232265352454,222.53540063054305,5188626
2024-05-28,229.31857299804688,231.81763373128973,225.03446888391628,227.0575180489224,6346202
2024-05-29,227.05751037597656,230.50859412907053,224.67745261522208,229.3185652486933,4394258
2024-05-30,225.98646545410156,227.05749135672764,222.5353819900842,226.93848847865806,3880878
2024-05-31,228.48553466796875,236.5777306874593,226.46248566309612,227.05750007629393,10501436
2024-06-03,236.45872497558594,237.41074802531148,229.31855210264422,230.2705751523698,7694620
2024-06-04,234.1976776123047,236.57773531161672,226.10548143464376,236.45873242665112,12280668
2024-06-05,239.9097900390625,244.1938934326172,232.88862058851456,234.1976521809896,8044370
2024-06-06,238.24375915527344,243.7178914835165,237.05373038826409,240.3858109358903,3616290
2024-06-07,234.9116973876953,240.62383592599792,234.31668295662212,236.57773779470025,4423802
2024-06-10,231.3415985107422,236.3397194662212,230.03256683192626,234.91168490751292,3590458
2024-06-11,237.291748046875,242.05186335373307,231.93661832665967,231.93661832665967,5754232
2024-06-12,232.53163146972656,238.00576404270888,232.53163146972656,238.00576404270888,5961352
2024-06-13,250.38204956054688,255.61817607226934,244.19390004669305,244.90791729829158,12210268
2024-06-14,263.234375,263.4723807640145,250.62006950723327,250.62006950723327,10790406
2024-06-20,271.08856201171875,272.9926081013533,264.90041222040645,264.90041222040645,6498718
2024-06-21,273.2306213378906,277.5147251567774,268.47050598357197,272.75460980245873,7558602
2024-06-24,266.8044738769531,277.75273953113674,264.66242190113456,274.6586644549544,5979814
2024-06-25,271.5645751953125,272.99260977127386,262.2823504515639,266.80445994210805,9342752
2024-06-26,266.3284606933594,272.2786050341404,264.1864087306782,271.32658193961544,6444192
2024-06-27,266.3284606933594,269.66054152419673,264.4244145043094,266.09045491972813,9180028
2024-06-28,259.42626953125,267.99447659833714,258.7122522756594,267.5184650946101,13200208
2024-07-01,263.7104187011719,264.90044766642984,259.9023260123463,260.8543491845527,7577434
2024-07-02,263.9483642578125,267.7564560775826,261.09229539298497,263.71035851907686,9190236
2024-07-03,261.80633544921875,264.4243988037109,255.1421741832386,264.1863930442116,7166726
2024-07-04,259.6642761230469,262.99635665991457,258.7122531125132,262.2823394020143,6571646
2024-07-05,263.4723815917969,263.4723815917969,257.9982490022654,260.3783066498878,5286260
2024-07-08,265.8524169921875,268.70848593033094,264.18637677827047,264.18637677827047,7245558
2024-07-09,263.7104187011719,268.47053456220385,263.47241290812025,266.56648821779106,7055336
2024-07-10,258.47430419921875,267.5185247881417,258.47430419921875,265.1384667384251,9294008
2024-07-11,271.3265686035156,271.56457436544855,259.66428626880315,261.0923208404006,10452184
2024-07-12,275.3726806640625,275.3726806640625,269.8985478591589,271.5645882780426,6026574
2024-07-16,278.7047424316406,282.75084031493515,274.896650306187,275.3726618218687,8257088
2024-07-17,284.6752624511719,285.63054856677985,277.98825964191616,279.4211888153281,7434962
2024-07-18,291.3623352050781,295.89994534351786,285.1529739630027,285.1529739630027,10118480
2024-07-19,293.5116882324219,297.094011522484,289.45172183701817,292.078758916397,5807260
2024-07-22,293.98931884765625,297.09399890047473,289.6905310822153,294.2281403901807,4246102
2024-07-23,293.7505187988281,296.37755595881765,290.40701695884144,294.4669834788253,5159756
2024-07-24,298.2881164550781,301.39279661033515,295.4222578502255,295.6610794006299,8157992
2024-07-25,292.79522705078125,299.7210521604653,290.88465460673046,299.7210521604653,6068566
2024-07-26,292.556396484375,295.18343351403064,291.60111029177295,293.03403958067605,3385040
2024-07-29,286.10821533203125,295.183434182296,284.436464491193,292.7952186953842,5972022
2024-07-30,293.98931884765625,295.18342656027875,285.1529217742499,286.8246725719213,7349812
2024-07-31,298.7657775878906,299.482242282346,291.6011306433369,293.9893462915215,9030014
2024-08-01,292.31756591796875,301.39278446770965,292.31756591796875,299.4822121414484,8032492
2024-08-02,280.8541564941406,292.7952345763745,279.89887024756194,292.31759145308513,5468814
2024-08-05,266.2860107421875,276.79415825129627,262.7036877277186,262.7036877277186,8739200
2024-08-06,269.8683166503906,273.68946095694486,266.04717234383645,270.8236027270292,6840950
2024-08-07,266.52484130859375,275.12241683467744,265.56955513902886,271.0624506140268,5345774
2024-08-08,260.5542907714844,267.00247211963296,260.5542907714844,266.5248290568071,5674596
2024-08-09,269.6295166015625,276.07769813233506,262.9425135326132,262.9425135326132,8373222
2024-08-12,268.67425537109375,280.37651182725693,267.7189691297743,273.2118650173611,6770856
2024-08-13,272.4953918457031,272.97303495148,264.6142806003848,269.6295332110419,4162712
2024-08-14,271.30126953125,275.12241417253523,267.2413033498845,273.45066339197297,5879440
2024-08-15,273.21185302734375,274.16713922674006,266.04720653187144,272.25656682794744,4998780
2024-08-16,265.5695495605469,277.9882695040257,265.5695495605469,273.68948183128305,5549378
2024-08-19,273.92828369140625,276.3164988935981,265.0918874432964,268.435388726365,4358414
2024-08-20,268.4354248046875,274.8836067172556,267.9577817000528,273.2118558510342,3708904
2024-08-21,265.5695495605469,271.3012664575371,265.5695495605469,268.435408009042,3186828
2024-08-22,268.4354248046875,270.5848187755435,264.8531015199274,268.4354248046875,4224140
2024-08-23,260.7930908203125,269.39066524296015,260.7930908203125,268.1965576842591,5265168
2024-08-26,257.6884460449219,263.6589846465188,256.4943383246025,261.7484122940078,5573854
2024-08-27,264.6142883300781,266.52486080899564,253.62849657630233,256.4943552946786,6692650
2024-08-28,264.3754577636719,270.34599655688936,263.89781466021446,265.09192241885796,4134890
2024-08-29,257.92724609375,265.808356391059,257.92724609375,265.09189181857636,8607348
2024-09-02,268.67425537109375,269.15189849175346,259.59903607855904,259.83785763888886,6258050
2024-09-03,268.19659423828125,269.86834504831506,263.89780644105144,268.67423732686234,4820950
2024-09-04,266.2860107421875,269.8683337566564,263.6589738649103,266.76365381078335,7577618
2024-09-05,261.5096130371094,267.48015214754565,259.8378620861872,266.7636874542933,6831566
2024-09-06,261.5096130371094,265.8084011966235,260.793148343857,261.7484346015268,4192804
2024-09-09,261.9872131347656,266.76364363859,259.83781940804465,259.83781940804465,6106898
2024-09-10,267.4801330566406,269.62952698298864,262.46488056182864,262.94252365657263,7034364
2024-09-11,268.67425537109375,272.9730434570312,266.2860397677951,267.2413260091146,7996190
2024-09-12,266.2860107421875,271.5400844967419,257.21079243886635,269.8683337566564,7297434
2024-09-13,271.06243896484375,271.3012604969714,262.226042276122,266.52482985441907,4860818
2024-09-16,271.30126953125,273.9283064721336,269.1518756705271,271.0624479911697,4712302
2024-09-17,285.39178466796875,291.1235025190409,272.73424108018435,272.73424108018435,11008198
2024-09-18,293.98931884765625,294.9446050177542,285.63056485929883,285.86938640182336,7708216
2024-09-19,291.1234436035156,297.57162488103404,289.69051443073374,295.8998741794552,7849022
2024-09-20,272.2565612792969,293.5116787826806,272.2565612792969,291.362284877844,9558328
2024-09-23,279.4212341308594,279.4212341308594,270.5848361284305,274.8836243458283,7560516
2024-09-24,277.2718200683594,283.4811803799678,276.07771231612696,279.18239247193117,6331430
2024-09-25,267.718994140625,277.7495006115494,265.80842147949653,277.03303586362625,9428844
2024-09-26,257.2108154296875,270.58482254580866,257.2108154296875,269.6295363232286,9999248
2024-09-27,237.8662567138672,256.4943370589291,237.8662567138672,256.25551551604366,20728460
2024-09-30,237.0303955078125,241.92623743014013,234.52276915735203,237.62744940077928,15438446
2024-10-01,230.9404296875,239.29918360586865,226.88046349857808,237.98566513298215,10877332
2024-10-02,224.43846130371094,234.3118270906768,224.19764750402885,232.14450289353795,15196998
2024-10-03,229.9771728515625,232.74653147752372,225.52211767066834,225.8833383610111,16827248
2024-10-04,231.6628875732422,236.23835000971994,229.7363770736726,232.3853290105808,10517204
2024-10-07,222.7527618408203,232.62612750079182,221.90991355277396,232.62612750079182,12698550
2024-10-08,232.86692810058594,236.71994862758632,225.6425146124602,227.08739731008535,14973312
2024-10-09,233.5894012451172,236.96079466514982,226.48539368147703,233.4689943372589,10235730
2024-10-10,223.59561157226562,233.1077565987648,223.59561157226562,231.30165311272066,8638142
2024-10-11,224.43846130371094,230.8200269952864,222.7527647059363,223.95683370434676,11198284
2024-10-14,225.5221405029297,227.4486510464678,221.18749177996895,224.55888523116064,11427956
2024-10-15,225.2812957763672,230.82001282912663,223.7160061745004,226.3649578084288,13600228
2024-10-16,227.32821655273438,227.68943723581606,222.8731614613937,227.5690303414555,10567842
2024-10-17,226.48538208007812,229.61596152403456,225.40171996486245,227.32823039191254,11389990
2024-10-18,222.03033447265625,229.01393501463787,221.66911375496755,226.7262038026094,9409688
2024-10-21,214.68551635742188,223.1139998936078,214.68551635742188,222.1507446323294,10398686
2024-10-22,221.78948974609375,222.51193108077157,215.1671108448803,215.6487384013322,9706214
2024-10-23,217.45484924316406,222.03031118737238,216.3711872037463,221.7894974008351,7735148
2024-10-24,229.013916015625,230.82001945423403,219.14055055122896,219.14055055122896,17862026
2024-10-25,228.89352416992188,230.57922082346155,224.19765492077568,229.01393107374614,9145142
2024-10-28,227.68943786621094,229.73635507600767,226.9669964980474,229.4955412866198,2494602
2024-10-30,234.3118133544922,235.27506849675115,225.16088950303205,228.17106182259133,15506222
2024-10-31,224.6792755126953,235.27508271801,224.6792755126953,233.1077585169229,10984964
2024-11-01,223.9568328857422,228.6527019623787,223.59561218753936,225.52212257795435,8321060
2024-11-04,222.7527618408203,223.95683082374367,218.05689280741925,223.11398253569732,10742174
2024-11-05,221.54869079589844,225.6425252997357,218.65892526377803,223.83642184216043,6706346
2024-11-06,237.2015838623047,237.80361833911255,221.78950125602296,222.27112883746926,19842706
2024-11-07,235.15467834472656,238.64647848399795,233.34857482441376,237.5628163718103,8310092
2024-11-08,237.68321228027344,239.24850192548294,233.9505985109277,235.0342605729958,9746636
2024-11-11,236.47915649414062,240.09136356889837,233.5893908343344,238.7668876414872,9439942
2024-11-12,226.8466033935547,233.8302037103414,226.36497578550043,233.70979680832784,13158130
2024-11-13,227.08740234375,230.21798159133087,226.1241471906482,226.72618166133682,12555860
2024-11-14,228.89352416992188,230.4588139196373,226.6057929972609,229.25474488139466,7496302
2024-11-15,224.43846130371094,230.33839939592224,224.43846130371094,229.9771786963991,11719238
2024-11-18,221.4282989501953,226.485388975159,220.22422989663255,225.16091301623993,9684236
2024-11-19,220.34461975097656,223.47519904798497,219.26095768662748,222.3915369836359,10333664
2024-11-20,213.8426513671875,222.3915411459433,213.60183757060284,221.3078790613123,7687128
2024-11-21,219.74258422851562,220.94665318319244,214.32427393247005,215.52834288714683,9059810
2024-11-22,225.5221405029297,226.2445819567565,218.65894669157518,220.34464341717103,11898968
2024-11-25,230.33840942382812,233.10776824073773,226.36498155608828,226.6057953662543,12244986
2024-11-26,228.41189575195312,230.94044072337695,227.80986123494745,229.49555788256333,5402856
2024-11-27,230.33840942382812,231.90369918990746,228.89352656283182,229.736374898413,7778034
2024-11-28,234.07102966308594,234.91387802092626,230.4588224151988,230.94045004825043,9169602
2024-11-29,228.0506591796875,234.19141082602542,227.44862470455632,233.46896945586803,11739470
2024-12-02,234.6730499267578,235.75671203519332,225.4017185545873,226.60578756396006,8626392
2024-12-03,241.77706909179688,242.98113816097913,235.15468921129445,235.2750961182127,10506228
2024-12-04,243.94436645507812,247.31575947617497,240.5729734339813,241.77704237008732,8637928
2024-12-05,246.11170959472656,247.31577862405499,242.49950250674135,244.90764056539817,5328004
2024-12-06,248.0382080078125,250.4463459496359,245.14844247762437,247.79739421363016,8463570
2024-12-09,253.33609008789062,253.33609008789062,247.79737328939112,250.44632480171697,6752712
2024-12-10,253.33609008789062,255.50341405252087,251.4095798971082,253.09527631404282,7720850
2024-12-11,259.1156311035156,265.61760325945886,256.2258657008742,256.7074932679811,10055984
2024-12-12,258.1523742675781,262.96864990689863,257.42993292168006,260.56051208723835,6542430
2024-12-13,254.78103637695312,257.911616219014,252.37289803690632,257.911616219014,7013192
2024-12-16,247.074951171875,255.02180632652596,245.8708822090491,254.78099253396078,7524086
2024-12-17,249.7239227294922,251.6504332230659,244.18520506046778,247.7974122359185,9267282
2024-12-18,246.0836181640625,250.69465242946407,245.840932150094,249.96659438755856,6141518
2024-12-19,243.65676879882812,246.81168711992848,243.17139674942806,245.11288494702828,4475796
2024-12-20,240.13783264160156,245.11289638000767,240.13783264160156,243.6567801638888,5470144
2024-12-23,238.3176727294922,242.07930605668886,236.0121555289523,240.50184691947737,5523354
2024-12-24,237.2255859375,240.13781819453325,235.40544077685422,238.80304507672636,4258416
2024-12-25,248.02511596679688,250.45197620130563,244.14213959158283,244.14213959158283,6430896
2024-12-26,251.42271423339844,254.8203184797957,248.99585405740038,249.23854007500017,5888194
2024-12-27,253.3642120361328,255.06301422411454,250.69466574073294,251.42272382129653,5768744
2024-12-30,254.33493041992188,260.1593944753399,250.6946403852856,254.33493041992188,7624784
2024-12-31,256.51910400390625,262.5862540513023,251.42269796409354,254.33492998684366,10475360
2025-01-02,257.7325439453125,263.55700821526307,255.3056838328331,257.2471719228166,9978764
2025-01-03,257.7325439453125,260.8874620915357,254.82031181033722,258.2179159678084,7841504
2025-01-06,258.94598388671875,260.4021000097931,256.76180970210726,258.21792582518157,6299950
2025-01-07,255.7910919189453,259.43138260090376,254.57766169162585,258.2179523735843,7450866
2025-01-08,259.18865966796875,260.15940371166903,253.84956742761733,256.0337415259429,11067282
2025-01-09,254.09225463867188,262.5862650611681,254.09225463867188,260.4020909525262,9020570
2025-01-10,253.84959411621094,258.2179427721304,253.36422204333098,255.30571033485077,9284158
2025-01-13,254.33493041992188,254.33493041992188,248.51046636450383,253.60687241299462,8050282
2025-01-14,249.9665985107422,257.97523710380483,249.7239124927706,256.27643497800364,8622240
2025-01-15,248.753173828125,251.66540610708842,244.38482540967988,250.45197599085364,10488922
2025-01-16,244.62750244140625,252.87882692851716,243.1713863554455,250.93733881390284,11923762
2025-01-17,247.0543670654297,248.75316919652792,242.92870474704824,245.59825095305976,9932844
2025-01-20,252.6361541748047,253.84958431013035,248.02511966056713,249.9666078770882,10859294
2025-01-21,253.12152099609375,256.76181132681415,250.69466077561347,251.90809088585362,8584858
2025-01-22,253.12152099609375,254.57763712838192,249.48123066537332,253.12152099609375,9144256
2025-01-23,249.9665985107422,255.79106294206045,249.23854045682742,254.3349468342309,11930286
2025-01-24,249.48123168945312,251.66540589685107,248.02511555118784,250.45197578162998,8422250
2025-01-27,245.35556030273438,248.26779247249976,243.89944421785168,248.26779247249976,8670494
2025-01-28,253.60687255859375,254.09224456349057,243.89943246065715,245.84092048024445,13546590
2025-01-29,265.2558288574219,269.3814913373635,253.60689950229266,253.60689950229266,32254496
2025-01-30,268.1680603027344,270.35223454954394,265.0131419462316,265.4985140010782,13388328
2025-01-31,266.95458984375,270.8375656960227,265.4984738991477,268.89607776988635,11831888
2025-02-03,260.8874816894531,269.6241787506813,257.9752493357104,265.4985162495458,10336152
2025-02-04,257.9752502441406,263.55702894180314,257.48987818347433,263.07165688113685,6450356
2025-02-05,261.85821533203125,265.9838776681244,258.21792503547846,258.70329707501884,17348884
2025-02-06,266.2265930175781,267.9253953431233,262.8289883664878,264.04241859902004,8681196
2025-02-07,272.5364074707031,272.77909349694596,264.0423965522039,266.22657078838944,13371394
2025-02-10,267.19732666015625,273.2644775834114,266.2265825124354,272.77910550955096,11918216
2025-02-11,273.26446533203125,273.7498373841308,263.0716522379413,267.1973146807872,11401048
2025-02-12,270.59490966796875,276.66206010895456,268.65342152685326,273.26445586200254,13746086
2025-02-13,281.2730712890625,282.00112928204544,270.5948873919799,272.5363753732676,16610618
2025-02-14,271.3229675292969,279.5742921232111,271.3229675292969,279.08892008827496,12417638
2025-02-17,268.8960876464844,273.26443564074134,268.8960876464844,271.80831964265565,7329076
2025-02-18,273.74981689453125,275.93399096549825,267.19729468163024,268.8960967368268,10495272
2025-02-19,269.3814697265625,275.4486199456292,267.9253536739865,273.9925038930532,10350422
2025-02-20,259.6740417480469,263.79970409357657,251.6654030773127,262.10090195129965,32578744
2025-02-21,248.51048278808594,262.58627185225487,246.81168065965176,259.674039632082,14323674
2025-02-24,249.7239227294922,254.82032931580835,248.75317861781292,251.90809698077052,8966112
2025-02-25,244.87017822265625,251.908072344021,244.62749221847128,250.69464232309605,9441972
2025-02-26,247.53973388671875,250.45196605009193,244.6275017233456,245.11287375057447,10709496
2025-02-27,250.93734741210938,253.3642076385321,246.08362695926394,247.53974309511756,11778162
2025-02-28,245.59825134277344,252.15077385883555,245.35556532366002,250.9373437632685,14079226
2025-03-03,255.06301879882812,256.2764489548644,248.2678099250249,248.51049595623215,14519380
2025-03-04,254.57765197753906,257.975256484389,252.63616368791054,255.7910821585569,10344634
2025-03-05,263.3143615722656,266.7119662377142,256.7618382889005,257.24721038396456,14682790
2025-03-06,268.6534423828125,270.8376167111281,262.1009193978659,266.22658201801744,12226992
2025-03-07,269.1388244628906,273.50717328194565,266.9546500533631,267.92539423537534,11330280
2025-03-10,250.93734741210938,263.07164854422297,249.23854525361347,256.2764399102394,24615494
2025-03-11,250.6946563720703,254.57763265663286,247.29705212307806,251.90808646099612,18499954
2025-03-12,251.9080810546875,254.57762719303196,248.99584890376624,252.15076706726427,20516434
2025-03-13,256.27642822265625,259.43134637312454,252.87882406061345,252.87882406061345,23901682
2025-03-14,254.57765197753906,260.15943081022107,254.57765197753906,258.7033145929997,19269440
2025-03-17,250.20928955078125,256.0337540990051,250.20928955078125,255.54838205331976,13705626
2025-03-18,245.59825134277344,250.9373437632685,245.59825134277344,250.4519717250417,13830782
2025-03-19,221.0869598388672,237.22557984905893,221.0869598388672,228.12485427940192,32807602
2025-03-20,220.7229461669922,232.49321872235132,216.23325457371087,222.05771934337312,62773436
2025-03-21,198.7598419189453,222.5430708665114,198.7598419189453,220.96561180366263,36833758
2025-03-24,200.94403076171875,207.8605825451837,193.66344993701878,201.42940281669874,49168914
2025-03-25,220.96560668945312,220.96560668945312,203.61355739972672,205.79773143619576,44579592
2025-03-26,224.3632354736328,230.91575830520455,219.87354390385215,220.96563104244746,33418112
2025-03-27,224.12054443359375,232.37186929633572,222.66442828134518,228.00352083958995,18210404
2025-03-28,222.42172241210938,225.09126845306213,220.11620537674108,224.12052443817024,15543756
2025-04-02,216.47593688964844,222.54308758722829,215.74787880593885,220.23757032214795,12351994
2025-04-03,214.777099609375,220.23753434520657,214.53441362111582,216.96127350370762,9825498
2025-04-04,212.3502655029297,216.96129983956473,211.0154924054827,215.01981169782366,12955612
2025-04-07,219.63084411621094,224.24187841257339,203.85625310233942,208.22460138310385,26154582
2025-04-08,226.9114227294922,228.36753881117878,220.35890036190258,223.14978951846854,14007886
2025-04-09,223.14981079101562,226.54741530550635,221.57235155214494,225.69801417688367,12826458
2025-04-10,223.27113342285156,234.67737610858418,223.27113342285156,231.03708588973333,16293656
2025-04-11,223.7565155029297,229.459637101974,221.57234127350847,224.7272596048947,13485358
2025-04-14,226.18336486816406,227.39679493719927,224.84859179222533,225.69799284054997,8162242
2025-04-15,225.21263122558594,229.58097967608222,224.36323013798943,226.91143340077895,8661912
2025-04-16,221.8150177001953,229.21694115736815,219.87352958028114,224.96993589505587,13172944
2025-04-17,222.6644287109375,227.63949224071868,220.11622543958617,221.81502762048706,15825566
2025-04-18,217.32534790039062,223.75652793317718,217.32534790039062,223.39249887471755,7698946
2025-04-21,215.86923217773438,218.9028076720814,214.53445896022168,217.6893774743426,9054984
2025-04-22,217.8107147216797,219.26683092037615,216.35459852298322,216.96131360577343,8899188
2025-04-24,224.84860229492188,225.57666037035065,217.56802154063405,218.4174226286343,15183508
2025-04-25,226.30471801757812,227.63949115333864,225.09128789415948,226.06203199289442,8389098
2025-04-28,225.697998046875,229.33828833795363,224.84859697895664,227.15411416330645,8855592
2025-04-29,225.21263122558594,227.2754624383203,223.9992011004481,225.69800327564107,7525694
2025-04-30,218.9027862548828,228.85291290283203,218.29607121537373,226.183366728992,11520940
2025-05-02,228.12486267089844,228.48889170707542,219.3881658026513,220.1162238750052,10249656
2025-05-05,230.06634521484375,231.03708928748023,227.63948503325258,229.21694415128684,12409146
2025-05-06,229.5809783935547,230.91575152374978,228.9742633343751,229.5809783935547,7469220
2025-05-07,237.83230590820312,238.56036398751394,230.55172511509485,230.55172511509485,13604802
2025-05-08,238.07498168945312,241.95795794534632,234.67737746554656,240.7445278653797,5498548
2025-05-09,232.37185668945312,233.22125773218218,225.940677365933,231.27976963451573,19580284
2025-05-12,241.4725799560547,243.65675404610946,237.10423177594515,237.34691778595123,13156794
2025-05-13,240.2591552734375,245.59824761284722,240.01646925800978,241.47258535057608,11042362
2025-05-14,240.98721313476562,244.14213133290454,237.71095192900597,240.8658701271449,11621156
2025-05-15,240.5018310546875,243.8994351260958,239.2884010291845,241.10854606743897,7263074
2025-05-16,239.77378845214844,242.44333467985453,236.98289921409204,240.9872185556512,8858366
2025-05-20,228.48887634277344,239.0457176820306,227.7608183193764,238.19631665473406,15061896
2025-05-21,226.42605590820312,230.30903221531057,226.42605590820312,227.15411396578577,8924658
2025-05-22,231.27976989746094,233.70663002230313,227.15410768522923,228.1248517351661,12877358
2025-05-23,231.27976989746094,234.3133450535137,230.30902584752408,232.00782793491362,11357706
2025-05-26,234.79872131347656,235.40543635563026,231.0370880521237,233.22126220387696,7436058
2025-05-27,232.85723876953125,236.74021513254584,232.00783769012182,234.92006996238277,6942118
2025-05-28,232.9785919189453,234.07067906856537,231.64381873607635,231.7651617527008,7934102
2025-05-29,234.43470764160156,235.1627657398674,233.0999344614475,234.07067859246862,10093662
2025-05-30,231.03709411621094,234.4346984414493,229.33829195359172,234.4346984414493,11630486
2025-06-02,235.8908233642578,238.0749976546676,231.40113176730435,232.85724796091088,10374782
2025-06-03,240.98721313476562,242.92870125669725,237.4682659137645,238.19632395948886,9436280
2025-06-04,250.20928955078125,250.20928955078125,236.3761862487497,241.47259272844553,12823206
2025-06-05,253.12152099609375,253.12152099609375,247.05437044489304,249.48123066537332,3977454
2025-06-10,254.57765197753906,258.7033145929997,251.18004747068917,254.82033801374263,8049998
2025-06-11,251.9080810546875,254.09225516787842,248.75316289118948,252.39345307984104,9384214
2025-06-12,245.35556030273438,251.90808268470653,243.17138617541033,249.96659457152958,10617212
2025-06-13,240.2591552734375,241.22989933514836,230.79440067175662,241.22989933514836,13497906
2025-06-16,240.98721313476562,243.41407328718017,236.37617884517795,239.28841102807542,9455592
2025-06-17,244.1421356201172,246.56899581514818,240.7445313470738,240.9872173665769,8132354
2025-06-18,235.5800323486328,243.89749974204247,233.8676125911661,243.65286834811866,9760850
2025-06-19,232.6444549560547,239.37181826971556,232.39982356283065,237.04782003408727,8506606
2025-06-20,229.58656311035156,237.78171480368857,228.60803753502773,237.78171480368857,9625172
2025-06-23,223.47079467773438,228.11879150190182,220.90216485385238,227.01795014880952,10176706
2025-06-24,239.24949645996094,241.573494636208,233.13371178562656,233.8676059465467,14510866
2025-06-25,233.1337127685547,240.59497010270047,230.93203027651168,239.49412885667897,10112320
2025-06-26,228.7303466796875,233.745290109563,228.7303466796875,233.2560273359166,7919964
2025-06-27,229.09730529785156,231.6659349888579,225.79478140941484,229.70888379571022,10011540
2025-06-30,242.06277465820312,247.07771844849435,229.95352014018286,230.44278294899178,22105308
2025-07-01,242.67434692382812,244.6313981086977,239.86108584557812,242.3073998266651,12787354
2025-07-02,250.50254821777344,251.2364424020052,242.67434358596802,242.91897498071194,14320842
2025-07-03,248.3008575439453,255.3951677594866,245.60991228977448,254.1720108257726,9605166
2025-07-04,248.0562286376953,249.76864836201867,245.60991474580484,248.0562286376953,5703424
2025-07-07,244.3867645263672,246.5884470896678,242.7966604528723,244.63139592228947,6241676
2025-07-08,238.76023864746094,246.58844319327935,236.68087181497793,246.34381180122253,8591406
2025-07-09,241.20655822753906,242.42971521652254,237.292455862792,239.24950704516553,7441708
2025-07-10,244.1421356201172,247.81160659637146,243.1636100264494,243.1636100264494,8085670
2025-07-11,242.55203247070312,247.81160755705727,240.35034987641535,245.6099249627695,9176802
2025-07-14,244.1421356201172,246.5884496042867,241.4511902375307,242.552031530407,8650470
2025-07-16,238.27098083496094,244.019818668248,236.31392965767174,243.77518727108685,11203544
2025-07-17,242.67434692382812,245.8545550992412,237.65940326259982,240.3503486417955,12900262
2025-07-18,239.616455078125,243.40824175878956,239.4941393787487,242.67434756253192,7824920
2025-07-21,243.7751922607422,245.36529637483633,240.35035263038554,240.71729973363804,10479024
2025-07-22,246.58843994140625,248.7901224408831,243.40823188660636,244.01981035868326,14670984
2025-07-23,244.2644500732422,248.30086812653062,244.2644500732422,247.56697393502364,7221960
2025-07-24,248.79013061523438,252.21497017139296,244.63139686847038,245.85455385281273,14851194
2025-07-25,250.01329040527344,251.72571020256981,247.56697640913572,249.76865900565966,8211880
2025-07-28,251.9703369140625,253.68275667949788,248.30086598812957,251.23644272887591,7113104
2025-07-29,252.94886779785156,255.63981319995636,251.72571079689482,253.1934991980429,8098342
2025-07-30,254.41664123535156,256.8629550933838,253.19348430633545,253.43811569213867,7321416
2025-07-31,259.5539245605469,260.04318737781466,254.1720335706015,255.63982202240481,9305594
2025-08-01,258.33074951171875,260.7770634275494,255.15054142113885,260.7770634275494,7257084
2025-08-04,258.57537841796875,260.5324295318228,258.08611563950524,258.57537841796875,7438228
2025-08-05,257.3522033691406,260.2877798334274,257.3522033691406,259.0646229733079,5521764
2025-08-06,261.2663269042969,261.75558968876186,257.35222462857706,257.35222462857706,7606522
2025-08-07,259.06463623046875,262.9787383831482,258.57537346138383,262.4894756140632,7047054
2025-08-08,260.0431823730469,261.5109707966012,258.3307625455668,259.55391956519543,4634232
2025-08-11,263.2233581542969,265.1804091442917,260.7770444168034,260.7770444168034,6151834
2025-08-12,262.978759765625,264.4465481922239,261.5109713390262,263.4680225744913,4822534
2025-08-13,256.86297607421875,262.7341298130581,254.41666201636906,262.7341298130581,8940370
2025-08-14,259.79852294921875,261.75557396955185,254.905895398386,255.88442090855256,8301716
2025-08-15,255.88446044921875,261.266351586774,251.48109497303716,254.41667195715823,8328170
2025-08-18,256.3736877441406,259.06463293992834,255.63979359983486,255.88442498127012,10650560
2025-08-19,249.03475952148438,258.57538390393813,249.03475952148438,257.3522269318287,7671612
2025-08-20,250.99180603027344,253.43811992920396,248.54549213134288,249.76864908080816,7415534
2025-08-21,258.8200378417969,261.5109834148212,252.45962103283023,252.45962103283023,13359860
2025-08-22,256.1290588378906,260.0431609786798,255.39516468649268,259.55389821108116,6865608
2025-08-25,257.59686279296875,261.0217023742618,257.35223139430497,258.5753883876239,6893512
2025-08-26,262.2448425292969,262.9787366781662,256.8629521042553,258.0861090190375,10379038
2025-08-27,259.5539245605469,263.71265850732283,259.309293151913,262.7341328727873,6690456
2025-08-28,262.2448425292969,266.6482074225127,260.53242284860187,260.7770542315583,9629256
2025-08-29,259.30926513671875,262.7341044875811,255.639794403652,262.24484172317216,11188428
2025-09-01,259.06463623046875,259.3092676150112,254.41663992416196,259.3092676150112,7623074
2025-09-02,249.27938842773438,262.0002208107002,247.07770589991335,260.0431696748593,13062004
2025-09-03,249.76864624023438,251.48106595001073,245.3652812722381,249.76864624023438,9609198
2025-09-04,252.45960998535156,255.88444965569548,248.79013890998306,249.76866453008134,9168440
2025-09-05,251.9703369140625,255.63980783999546,250.01328575356493,253.4381252844357,7525590
2025-09-08,238.27098083496094,250.01328789869618,238.0263494377998,249.5240251043739,11459096
2025-09-09,237.90403747558594,244.87603240417639,236.4362490695669,238.63793167859546,16174566
2025-09-10,241.69581604003906,243.04128870018098,237.9040294523664,239.37181780888483,9081080
2025-09-11,239.24949645996094,246.58843806916218,237.90402383160736,241.6958103296947,11351536
2025-09-12,239.00486755371094,241.45118144883594,236.80318504809847,239.24949894322344,7021840
2025-09-15,256.61834716796875,257.59687280063974,238.51562296355533,239.73878000439407,17848780
2025-09-16,256.86297607421875,261.5109727841332,255.15055623372396,257.1076074800037,14180248
2025-09-17,255.1374053955078,260.3141063745471,253.9048575433556,256.8629723885209,9528350
2025-09-18,252.6722869873047,258.3420065977515,251.68624879418348,256.86294930806974,9732664
2025-09-19,262.2861633300781,262.5326728820801,253.4118194580078,253.65832901000977,14871218
2025-09-22,267.21636962890625,269.1884461575329,265.24429310027966,268.4489174592979,7999398
2025-09-23,265.2442626953125,270.6674725273728,264.2582245440288,265.98379130877527,11018792
2025-09-24,264.5047607421875,266.9698563688621,260.06758861417313,265.4907989928573,8474202
2025-09-25,262.2861633300781,267.46286392211914,261.54663467407227,267.46286392211914,6891654
2025-09-26,259.3280334472656,265.4907718847006,258.83501437227085,263.27218604722407,9549558
2025-09-29,263.7652282714844,268.69541945412897,258.8350370888398,259.3280562071043,13064988
2025-09-30,266.72332763671875,268.2023849064233,262.2861558276051,264.99776082206347,11179840
2025-10-01,279.788330078125,284.22550183266793,265.24426710490087,265.983795730658,17164380
2025-10-02,279.5418395996094,281.7604256281777,277.81627268850065,279.5418395996094,7397642
2025-10-03,277.8162841796875,283.9790234028394,275.8442076282789,280.52788943787436,11243360
2025-10-06,276.8302307128906,283.48598870865914,274.36513515890226,278.0627784898848,7406052
2025-10-07,279.5418395996094,282.2534447456373,276.58372489485157,277.0767440123112,6632182
2025-10-08,274.1186218261719,277.5697555541992,268.6954116821289,273.62560272216797,24840034
2025-10-09,267.9559020996094,277.8162848815637,266.9698638214139,277.07675617291716,12402044
2025-10-10,268.2024230957031,272.63959553662465,266.4768560353447,269.1884614159079,7287854
2025-10-13,269.18841552734375,272.8860585977743,264.9977533808558,265.2442629188845,9596264
2025-10-14,268.4488830566406,271.6535070049752,266.47680678074244,269.681430729077,7705118
2025-10-15,269.4349365234375,274.8581465906979,267.7093696838546,269.4349365234375,9029110
2025-10-16,265.9837951660156,269.43492874555614,260.06756617251756,269.43492874555614,14291992
2025-10-17,259.8210754394531,265.2442857427434,255.63041293236518,264.7512666242625,10901138
2025-10-20,265.2442626953125,265.4907722331334,257.10944794722207,260.8070910145359,12124196
2025-10-21,258.3420104980469,266.4768257141113,257.35597229003906,265.4907875061035,9810776
2025-10-22,265.2442626953125,268.6953962248054,258.8350147119685,259.8210528632522,11780546
2025-10-23,269.68145751953125,272.63957222724093,264.99777589899094,265.49079501694257,9035246
2025-10-24,285.70458984375,289.402233370632,270.17448703084557,272.63958271543356,19523540
2025-10-27,278.8023376464844,287.67668261135924,276.0907322405504,285.7046059524981,11063522
2025-10-28,279.0487976074219,282.9929502237812,277.8162499148096,279.5418166844668,5113650
2025-10-30,262.2861633300781,281.51390838623047,260.56059646606445,280.03485107421875,26426174
2025-10-31,265.7373046875,267.4628716010552,259.08154659235856,262.28617086038963,19232432
2025-11-03,264.25823974609375,269.9279594421387,263.76522064208984,266.4768257141113,13740828
2025-11-04,262.5326843261719,265.49079907914285,259.57456957320096,264.25825126540497,11674648
2025-11-05,261.0536193847656,264.50475316322337,257.84899516191206,262.53267671839035,11157436
2025-11-06,271.9000549316406,273.3791123474066,263.27222000633924,263.7652391449279,21248458
2025-11-07,274.1186218261719,277.32324600219727,270.4209785461426,274.6116409301758,10664424
2025-11-10,269.18841552734375,279.54181612454926,266.2303010709993,276.09068259214746,10587432
2025-11-11,273.6256103515625,284.96505005982544,267.21636182080516,274.1186294693131,30985702
2025-11-12,276.8302307128906,282.9929695978615,271.90003960491396,274.8581542697,14742910
2025-11-13,271.9000549316406,279.04883244117605,269.927978377286,277.07675588682145,9087362
2025-11-14,268.4488830566406,271.4069974704879,263.0256732979206,270.91397840151336,9365332
2025-11-17,266.2303161621094,270.4209785461426,262.5326728820801,269.6814498901367,12431504
2025-11-18,268.2024230957031,272.8861051166759,263.27223149467915,264.7512889749863,9931116
2025-11-19,272.3930358886719,276.58369797926684,267.70935472859514,268.94190240229955,10951264
2025-11-20,271.9000549316406,276.33722717893846,269.6814688079917,274.6116601938782,6358390
2025-11-21,270.1744689941406,272.14654541015625,265.73729705810547,270.4209785461426,9641820
2025-11-24,263.7652282714844,269.9279672497901,262.5326804758232,269.43494813152563,13001164
2025-11-25,264.5047607421875,268.2024041821994,263.0257033661827,265.4907989928573,9043250
2025-11-26,268.6954040527344,269.9279517777469,263.5187036076817,264.99776087769675,7646358
2025-11-27,267.9559020996094,271.1605265037445,266.4768446823162,270.9140169341957,6389730
2025-11-28,264.75128173828125,270.66751149779594,264.75128173828125,268.69543491129104,8040716
2025-12-01,268.6954040527344,268.6954040527344,263.02568451767667,264.5047417876917,10533228
2025-12-02,270.91400146484375,273.87211613051994,266.23031991085645,268.6954154655866,10994036
2025-12-03,261.0536193847656,275.59768316540885,258.0955047175162,271.6535302757429,31605666
2025-12-04,260.56060791015625,263.0257035384453,259.0815505331828,261.54664616147187,14379018
2025-12-05,253.65834045410156,261.7931560371777,252.42579263848395,260.8071177846836,20198426
2025-12-08,260.0675964355469,262.77920170643887,252.91881890319536,255.13740503392515,17498852
2025-12-09,259.3280334472656,262.039638359737,258.0954857597786,260.06756205975785,8442486
2025-12-10,262.7791748046875,266.2303084325164,260.06756981139335,260.8070984459281,15501538
2025-12-11,273.132568359375,273.87209697406644,261.7931296007728,264.25822498307764,22994640
2025-12-12,274.6116638183594,275.35119253600305,270.9140202301409,273.6256255281678,9167330
2025-12-15,282.7464599609375,283.9790077375763,274.3651350797938,275.5976828564325,13001474
2025-12-16,279.2953186035156,283.2394713816765,278.55578995761044,282.74645228440636,12666932
2025-12-17,274.32122802734375,280.2901396072678,272.0828861848722,279.5440256597773,12048420
2025-12-18,270.8393859863281,276.55959340385385,269.5958626346921,275.31607005221787,12115434
2025-12-19,273.57513427734375,274.5699529474432,270.59067826704546,271.0880876020952,10829840
2025-12-22,268.6010437011719,275.31606979370116,267.85492969089086,274.8186604535138,7268796
2025-12-23,266.3627014160156,272.58031816242124,265.36788273659073,269.0984527844341,10832950
2025-12-24,274.5699462890625,281.28497214939284,270.34196704366934,270.59067170516306,26676182
2025-12-25,272.5802917480469,275.8134521428686,272.5802917480469,274.569928914091,4467326
2025-12-26,270.3419494628906,274.0725191426913,269.0984262362904,273.0777005614111,6080310
2025-12-29,263.6269226074219,270.8393572825306,263.12951331948335,270.34194799459203,9187112
2025-12-30,268.1036071777344,268.8497211123663,261.88599105580175,264.3730375045748,11306014
2025-12-31,266.860107421875,272.33161009035706,266.11399342162747,268.6010400891193,11517730
2026-01-02,270.09326171875,270.59067104051564,266.3626918055076,266.86010112727325,6487932
2026-01-05,275.3160400390625,280.29013290336354,270.0932425315464,270.34194717476146,17091928
2026-01-06,285.2642517089844,288.00000303313334,274.0725417465569,276.55958840487415,20283444
2026-01-07,291.9792785644531,293.72021123051036,285.7616618999631,287.5025945660203,14300116
2026-01-08,294.46630859375,294.96371789880703,286.01035040778083,291.97926206846495,11507298
2026-01-09,300.6839294433594,300.6839294433594,294.21760838006134,297.4507689117103,11064284
2026-01-12,307.8963623046875,314.36268332239496,300.4352226688712,304.4144971413065,16722608
2026-01-13,319.8341979980469,325.803109935802,307.39896479439034,307.8963741225366,24976112
2026-01-14,309.139892578125,326.0518094689637,308.3937785976468,322.5699442267322,20549430
2026-01-15,310.6321105957031,312.87045246548803,305.90672220393503,309.88599663910816,16927476
2026-01-16,321.8238220214844,322.0725266752877,309.3885893313188,311.129521907942,19027372
2026-01-19,308.89117431640625,325.8030904625541,308.89117431640625,325.305681164138,16874790
2026-01-20,307.3989562988281,311.1295261568236,305.16061438403085,308.8911842420263,16375824
2026-01-21,303.9170837402344,310.63210932205624,303.6683790890558,308.39376746144893,11516096
2026-01-22,311.37823486328125,318.0932606949974,306.9015509754705,309.3885975798098,25338884
2026-01-23,312.62176513671875,318.0932677882763,310.63212780887966,312.87046980269866,13941170
2026-01-26,314.860107421875,316.6010400853451,309.38860476525474,310.88083276251484,13844058
2026-01-27,310.8808288574219,317.0984454345703,310.8808288574219,315.8549221191406,11884592
2026-01-28,316.8497314453125,320.0828919702647,311.3782290184704,311.3782290184704,14208370
2026-01-29,335.75128173828125,337.98962361653645,318.590660671658,321.0777072030527,27239368
2026-01-30,330.27978515625,336.74610625117657,326.3005106362952,336.74610625117657,16458762
2026-02-02,331.0259094238281,338.48704938078896,317.34715283606664,324.5595881277954,24157040
2026-02-03,339.9792785644531,347.4404185475794,333.2642525796395,335.50259457457736,24217158
2026-02-04,342.46630859375,344.7046504799836,338.4870341293346,343.21242255582786,12439578
2026-02-05,336.4974060058594,347.19170641846245,336.4974060058594,340.72538523874897,16242180
2026-02-06,339.7305603027344,341.47149289579374,335.2538764920102,336.4973997727669,10275110
2026-02-09,350.1761474609375,352.41448931260544,342.4663033051924,343.2124172557484,12583698
2026-02-10,347.4403991699219,351.1709689534214,344.9533526475889,350.1761503444882,11474832
2026-02-11,347.19171142578125,353.65803269875425,340.72539015280825,345.20207411102035,13809828
2026-02-12,348.9326477050781,352.414513042121,343.2124403656506,349.678761705873,19109962
2026-02-13,351.9170837402344,355.1502442268938,347.4403999894752,349.1813325592149,17119542
2026-02-16,356.14508056640625,360.3730598748063,351.6683965928062,354.15544324480624,14119540
2026-02-17,347.6891174316406,356.1450759385618,347.6891174316406,356.1450759385618,11716404
2026-02-18,350.6735534667969,357.6372836065631,343.70982332703073,348.68391628400656,19178724
2026-02-19,343.2124328613281,353.16061932107675,340.22797692340356,353.16061932107675,13680448
2026-02-20,340.22796630859375,346.6942873056869,334.50775927270365,343.4611268071403,11256302
2026-02-23,342.71502685546875,349.43005278079363,341.968912863766,346.1968921500816,10350802
2026-02-24,343.46112060546875,346.4455763963924,340.7253694637887,341.9688927100069,9660366
2026-02-25,339.9792785644531,345.69948588484993,337.49223190341104,344.9533718865373,7824460
2026-02-26,336.99481201171875,340.72538188638725,329.2849676040706,340.72538188638725,10716394
2026-02-27,332.0207214355469,339.7305659033386,324.8082862882578,339.2331565828359,17585190
2026-03-02,335.5025939941406,339.73057331059755,312.3730600864645,313.36787874916024,13281000
2026-03-03,324.80828857421875,342.2176149143377,324.559583912217,336.4974076882986,11488690
2026-03-04,328.04144287109375,329.5336708144043,317.5958472679202,324.31087301281747,12220942
2026-03-05,320.8290100097656,332.51812897911367,320.8290100097656,330.279787048813,8187774
2026-03-06,308.89117431640625,321.8238160752252,306.9015371227418,320.828997478393,11017558
2026-03-09,318.09326171875,318.34196637998434,302.17616339975075,302.6735727222195,11671384
2026-03-10,324.5595703125,327.29532147988505,320.5802958872126,325.30568426724136,9140998
2026-03-11,345.4507751464844,346.94300311687954,330.7772001042651,330.7772001042651,20977320
2026-03-12,352.41448974609375,358.6321060083749,342.2175990759527,344.4559409303739,17486448
2026-03-13,351.66839599609375,355.64767063254175,346.69430270053374,352.41450999042775,8759726
2026-03-16,339.7305603027344,351.9170884541502,336.9948090850696,351.66838379799884,8827652
2026-03-17,342.2176208496094,344.20725818013034,338.98446018751275,341.72021151697913,6002502
2026-03-18,335.75128173828125,345.20205855758104,332.02071194118923,342.2176027199074,8860042
2026-03-19,344.2072448730469,344.2072448730469,329.7823747844365,334.01035394833957,5221776
2026-03-23,344.2072448730469,344.7046541864472,324.80828165043295,340.7253796792444,14796400
2026-03-24,337.9896240234375,342.96371709221506,334.75646352873207,342.7150124387762,8170950
2026-03-25,350.6735534667969,352.16578135388966,340.974072200694,340.974072200694,14077254
2026-03-26,334.7564697265625,350.67356784134705,334.7564697265625,350.67356784134705,10619588
2026-03-27,333.512939453125,340.72537438537006,333.512939453125,337.98962320417365,7222734
2026-03-30,336.74609375,339.233140232644,329.5336589503324,332.7668193777696,5661412
2026-03-31,339.7305603027344,343.21242548885317,335.00517183585885,338.735741678129,8328070
2026-04-01,342.71502685546875,348.186529461289,342.4663221915678,345.202073494478,8782760
2026-04-02,349.9274597167969,353.4093249876108,338.7357499177522,339.73056856655614,11682626
2026-04-03,343.7098388671875,352.16579727636577,341.4714969353462,351.6683879581788,8435422
2026-04-06,343.7098388671875,346.1968854581223,340.7253829580658,343.7098388671875,9360274
2026-04-07,340.9740905761719,346.9430024462143,339.9792719311648,343.7098418499413,8748508
2026-04-08,361.36785888671875,367.83417983032143,353.1606053813769,353.1606053813769,15830450
2026-04-09,367.5854797363281,371.06734490297805,360.1243400935069,361.1191587125497,9522176
2026-04-10,373.55438232421875,373.8030869729033,365.347128917628,370.07251724263483,9531852
2026-04-13,370.0725402832031,370.0725402832031,363.1088096864762,367.83419830568374,10411160
2026-04-14,374.05181884765625,379.77202618375736,369.8238395122772,372.3108861801472,11313430
2026-04-15,374.5492248535156,381.01554613252716,373.0569968660514,375.7927481764025,6987262
2026-04-16,371.0673522949219,380.5181293640955,370.07253365606147,377.28496878779924,6890688
2026-04-17,380.51812744140625,383.25387868444903,369.32641781077666,372.06216905381945,11981354
2026-04-20,376.04144287109375,380.2694220568137,373.0569869752914,375.7927382131102,6853456
2026-04-21,374.3005065917969,380.5181229803649,374.3005065917969,377.2849624583095,5825344
2026-04-22,379.5233154296875,383.2538853716569,374.3005175109303,377.0362688017079,8719812
2026-04-23,379.5233154296875,379.5233154296875,379.5233154296875,379.5233154296875,0
2026-04-24,378.03106689453125,378.7771808423494,371.5647460134406,378.5284761930767,7459866
2026-04-27,374.3005065917969,380.0207136692795,373.8030972807114,378.77719039156585,6016610
2026-04-28,363.1087951660156,374.30050460606407,362.611385857569,374.05179995184074,6961636
2026-04-29,361.6165771484375,367.58548901333603,358.88082587702564,364.35232841984936,5912010
2026-04-30,368.8290100097656,369.8238286476881,358.3834143115794,359.62693760898253,10873618
2026-05-01,368.8290100097656,368.8290100097656,368.8290100097656,368.8290100097656,0
2026-05-04,363.1087951660156,370.8186394469379,360.8704532780059,370.072525484268,8468556
2026-05-05,371.56475830078125,373.5543955607587,362.36268597338574,363.6062092608716,7269616
2026-05-06,388.4766845703125,390.4663218792513,375.5440420622099,376.0414513894446,15160486
2026-05-07,389.9689025878906,392.9533584750428,387.23315135800107,388.97408395883986,6647390
2026-05-08,392.953369140625,399.1709857409513,386.4870478762856,390.96373182852057,7895122
2026-05-11,385.2434997558594,393.9481624359466,383.7512718678444,393.4507531399416,8914592
2026-05-12,388.4766845703125,403.6476690509713,385.74093327052157,400.4145084239457,14140928
2026-05-13,404.3937683105469,405.1398822742195,391.21242161899767,391.21242161899767,15626826
2026-05-14,411.85491943359375,422.79792453931725,407.12953086521316,409.36787281865656,8115738
2026-05-15,403.1502380371094,410.8600821945125,395.93780318018395,410.8600821945125,6634672
2026-05-18,390.46630859375,400.9119041102707,385.9896248009554,400.66319945511543,8402236
2026-05-20,390.71502685546875,397.1813481146936,383.50259160479493,388.9740942087544,10839321
2026-05-21,374.5492248535156,397.6787586592108,373.0569968660514,390.71502805104456,8847731
2026-05-22,390.71502685546875,393.4507781574485,370.0725397587126,370.5699490863453,12459095
2026-05-25,376.7875671386719,395.44041699702194,373.80311116133583,390.96373303101797,10897046
2026-05-26,371.0673522949219,378.7771967460898,369.8238289963464,378.0310827669445,6394478
2026-05-27,371.0673522949219,371.0673522949219,371.0673522949219,371.0673522949219,0
2026-05-28,371.0673522949219,371.0673522949219,371.0673522949219,371.0673522949219,0
2026-05-29,371.0673522949219,371.0673522949219,371.0673522949219,371.0673522949219,0
2026-06-01,369.326416015625,377.28496504761154,367.8341880721275,371.8134625881208,10572396
2026-06-02,378.7771911621094,380.0207144423527,368.33159560806564,372.06216544879555,11495125
2026-06-03,379.0259094238281,383.2538887284246,372.310883469469,377.5336814339705,10514304
2026-06-04,371.0673522949219,383.5025852806766,368.0828963783407,380.5181293640955,9543504
2026-06-05,375.2953186035156,377.78236511513603,369.07770232446467,371.8134534872471,8120554
2026-06-08,375.2953186035156,378.5284790686221,368.3315883709786,370.32122558027487,7769593
2026-06-09,381.76165771484375,385.7409323229464,372.0621758575936,377.2849737807283,9422573
2026-06-10,378.5284729003906,385.49220301945167,377.78235895906266,380.5181100772652,11935037
2026-06-11,378.5284729003906,383.5025658425771,371.5647427813295,380.02070078304655,12160034
2026-06-12,378.03106689453125,387.97925286543995,373.80308785689505,383.0051598799856,12078529
2026-06-15,391.9585266113281,396.9326195886292,383.0051592521861,387.9792522294872,14450466
2026-06-16,384.0,395.68911917098444,383.2538860103627,392.20725388601034,10742628
2026-06-17,382.5,397.25,380.0,395.0,11927623
2026-06-18,391.75,391.75,378.5,383.0,10773997
2026-06-19,383.25,389.25,382.25,388.25,10485576
2026-06-22,379.0,387.0,377.75,386.25,7455805
2026-06-23,382.75,383.0,373.75,377.0,7361006
2026-06-24,374.0,384.5,373.0,383.0,6703810
2026-06-25,375.5,383.0,369.5,376.25,9885840
2026-06-26,374.5,378.0,368.5,374.5,7644194
2026-06-29,371.0,377.0,368.0,374.5,7486796
2026-06-30,365.25,373.5,364.25,371.5,13876620
2026-07-01,364.5,368.75,361.0,365.0,11455538
2026-07-02,357.5,365.5,353.25,364.75,13209936
